   149600000.00000000        0.0000000000000000        0.0000000000000000     
   129557408.55423734        74799985.887100458       0.52359866666666666     
   74800028.225796402        129557384.10997677        1.0471973333333333     
   48.888516522105498        149599999.99999201        1.5707960000000001     
  -74799943.548396528        129557432.99848408        2.0943946666666666     
  -129557359.66570239        74800070.564484328        2.6179933333333336     
  -149599999.99996805        97.777033044205780        3.1415920000000002     
  -129557457.44271697       -74799901.209684625        3.6651906666666667     
  -74800112.903164342       -129557335.22141410        4.1887893333333333     
  -146.66554949985988       -149599999.99992809        4.7123880000000007     
   74799858.870964780       -129557481.88693601        5.2359866666666672     
   129557310.77711207       -74800155.241836250        5.7595853333333338     
   149599999.99987221       -195.55406608836978        6.2831840000000003     
