   149600000.00000000        0.0000000000000000        164560000.00000000        0.0000000000000000     
   149594466.26910150        1286725.1698219557        164455761.57293090        3002388.8584213834     
   149577865.48579341        2573355.1472531343        164144349.19002086        5982042.9438217543     
   149550198.87820762        3859794.7469451260        163629654.35872889        8916526.2379400544     
   149511468.49312976        5145948.7976337355        162918105.86017844        11783996.289814994     
   149461677.19584760        6431722.1491797827        162018584.94300872        14563491.195905413     
   149400828.66993925        7717019.6796083516        160942308.16565853        17235204.960946988     
   149328927.41700047        9001746.3021459393        159702679.43307146        19780747.606026702     
   149245978.75631192        10285806.972255016        158315113.18031541        22183386.591629490     
   149151988.82444528        11569106.694665451        156796831.03634763        24428266.369975343     
   149046964.57480949        12851550.530402297        155166634.65110829        26502603.169567280     
   148930913.77713636        14133043.603809420        153444657.68366775        28395852.441701442     
   148803845.01690558        15413491.109568404        151652100.22413933        30099846.759438314     
   148665767.69470975        16692798.319712328        149810949.15386963        31608902.349437933     
   148516692.02555886        17970870.590633739        147943688.13397285        32919892.850976631     
   148356629.03812444        19247613.370086428        146073001.04913795        34032289.328926973     
   148185590.57392392        20522932.204180442        144221472.81999946        34948166.012788914     
   148003589.28644440        21796732.744369835        142411291.53208542        35672171.686132774     
   147810638.64020652        23068920.754432570        140663955.81198245        36211467.104085185     
   147606752.90976849        24339402.117442183        138999991.31211621        36575629.264777169     
   147391947.17866999        25608082.842730556        137438680.04534736        36776523.798061773     
   147166237.33831626        26874869.072841417        135997806.14102113        36828147.155527778     
   146929640.08680242        28139667.090473916        134693421.37741062        36746440.684331834     
   146682172.92767826        29402383.325415879        133539633.58453038        36549079.038387731     
   146423854.16865313        30662924.361466162        132548420.70949996        36255235.719090365     
   146154702.92024183        31921196.943345629        131729472.99800064        35885328.839546539     
   145874739.09435037        33177107.983596187        131090065.37435085        35460750.467251517     
   145583983.40280339        34430564.569467440        130634961.70423193        35003583.116845705     
   145282457.35581142        35681473.969790421        130366352.20337461        34536307.134151101     
   144970183.26037991        36929743.641837858        130283824.81813127        34081502.832883678     
   144647184.21865869        38175281.238170534        130384370.95556810        33661551.314680725     
   144313484.12623304        39417994.613469169        130662425.48744377        33298337.920456324     
   143969107.67035580        40657791.831351355        131109940.50016584        33012962.226375941     
   143614080.32812098        41894581.171173088        131716491.81751168        32825458.411378860     
   143248428.36457908        43128271.134814262        132469416.89043584        32754529.686316118     
   142872178.83079383        44358770.453447707        133353982.23436998        32817300.289217096     
   142485359.56184104        45585988.094291352        134353578.20451921        33029088.319398142     
   142087999.17474934        46809833.267342791        135449938.53890926        33403202.408140682     
   141680127.06638303        48030215.432096042        136623381.77210796        33950764.909123674     
   141261773.41126740        49247044.304239690        137853071.33394283        34680563.941844553     
   140832969.15935627        50460229.862336196        139117290.90097126        35598936.240524366     
   140393746.03374243        51669682.354481705        140393731.36718747        36709682.354488894     
   139944136.52831060        52875312.304945923        141659785.64712280        38014015.319113262     
   139484173.90533370        54077030.520791568        142892847.42114308        39510543.474745780     
   139013892.19301203        55274748.098472878        144070609.88072193        41195287.660416245     
   138533326.18295571        56468376.430412754        145171360.53147176        43061732.555530384     
   138042511.42761105        57657827.211557962        146174268.16373268        45100911.492141008     
   137541484.23763010        58843012.445911974        147059658.20387438        47301523.618715122     
   137030281.67918456        60023844.453044966        147809272.81279248        49650081.869411126     
   136508941.57122353        61200235.874580413        148406512.29935175        52131089.786376387     
   135977502.48267567        62372099.680657908        148836654.66309312        54727244.861835971     
   135436003.72959590        63539349.176371671        149087050.36912349        57419665.716792829     
   134884485.37225667        64701898.008184262        149147289.78493643        60188140.118615627     
   134322988.21218437        65859660.170315050        149009341.06966144        63011390.564804435     
   133751553.78914084        67012550.011102915        148667656.69614092        65867353.928423554     
   133170224.37805015        68160482.239342883        148119247.20015010        68733471.475136071     
   132579042.98587124        69303371.930595890        147363721.18353859        71586985.424911320     
   131978053.34841606        70441134.533471584        146403291.04337797        74405238.145115748     
   131367299.92711413        71573685.875883490        145242744.35147351        77165970.026971892     
   130746827.90572317        72700942.171275958        143889381.26186791        79847612.114745364     
   130116683.18698643        73822820.024822980        142352918.77225283        82429569.626261398     
   129476912.38923685        74939236.439597443        140645363.10259342        84892492.623546764     
   128827562.84294806        76050108.822711527        138780851.87498859        87218530.261959866     
   128168682.58723307        77155354.991426855        136775468.17728832        89391565.262863725     
   127500320.36629009        78254893.179234430        134647028.96400285        91397425.515864938     
   126822525.62579659        79348642.041903704        132414850.58668062        93224070.018433779     
   126135348.50925119        80436520.663500503        130099494.54772477        94861746.699360535     
   125438839.85426410        81518448.562373206        127722496.83258608        96303120.043517500     
   124733051.18879607        82594345.697106749        125306084.39196607        97543366.833892420     
   124018034.72734642        83664132.472444251        122872882.51522876        98580238.747577921     
   123293843.36709003        84727729.745175332        120445616.95641819        99414090.979788601     
   122560530.68396421        85785058.829991311        118046814.74352032        100047876.51826675     
   121818150.92870492        86836041.505306259        115698507.61898391        100487106.14370669     
   121066759.02283344        87880600.019043908        113421942.02479231        100739774.68410160     
   120306410.55459315        88918657.094389796        111237299.45901689        100816254.49622247     
   119537161.77483720        89950135.935508192        109163430.89392185        100729157.57990354     
   118759069.59286688        90974960.233223513        107217608.76013604        100493168.14472343     
   117972191.57222167        91993054.170665666        105415299.76960842        100124847.83857587     
   117176585.92642049        93004342.428879052        103769961.57507783        99642416.208371565     
   116372311.51465513        94008750.192394689        102292865.94924520        99065509.289945066     
   115559427.83743575        95006203.154764995        100992950.81688695        98414919.512842283     
   114737995.03218915        95996627.524061173        99876703.092409149        97712320.352230057     
   113908073.86880966        96979950.028332174        98948073.868838415        96979979.361442104     
   113069725.74516334        97956097.921025559        98208427.077341691        96240463.372002184     
   112223012.68254592        98924998.986369163        97656522.294695795        95516339.751322314     
   111367997.32109419        99886581.544713795        97288531.925515726        94829877.660293758     
   110504742.91515210        100840774.45783596        97098092.532448918        94202753.252991498     
   109633313.32859103        101787507.13420083        97076389.636930302        93655762.708691046     
   108753773.03008515        102726709.53418456        97212274.871421799        93208546.883043811     
   107866187.08834206        103658312.17525582        97492413.937155321        92879331.211931080     
   106970621.16728884        104582246.13711628        97901463.414892972        92684684.300245762     
   106067141.52121447        105498443.06679916        98422274.095480278        92639298.381286502     
   105155814.98986800        106406835.18372612        99036118.147014976        92755794.543849081     
   104236708.99351396        107307355.28472167        99722937.120912418        93044555.297267914     
   103309891.52794451        108199936.74898493        100461607.52415976        93513586.683914855     
   102375431.15944897        109084513.54301822        101230220.45325124        94168411.758758023     
   101433397.01974148        109961020.22551219        102006371.59974128        95011996.841669559     
   100483858.80084644        110829391.95218727        102767457.80048864        96044711.515707314     
   99526886.749942780        111689564.48059085        103490976.21930288        97264322.899289399     
   98562551.664166927        112541474.17484997        104154822.21197937        98666024.267907515     
   97590924.885375306        113385058.01037909        104737581.94408320        100242497.64775489     
   96612078.294866443        114220253.57854269        105218815.90008268        101984009.55535662     
   95626084.308063045        115046999.09127234        105579329.54262951        103878538.61990118     
   94633015.869154885        115865233.38563766        105801427.55034566        105911933.40425251     
   93632946.445702150        116674895.92837130        105869148.27917233        108068098.34212698     
   92625950.023200452        117475926.82034722        105768475.35330094        110329205.33790039     
   91612101.099607185        118268266.80101196        105487523.59350082        112675928.23687348     
   90591474.679830372        119051857.25276886        105016696.82929540        115087697.07202645     
   89564146.270179540        119826640.20531446        104348815.51245439        117542968.73232800     
   88530191.872779876        120592558.33992735        103479212.44776538        120019510.48096618     
   87489687.979949504        121349554.99370848        102405795.37776570        122494692.58230339     
   86442711.568540603        122097574.16377319        101129075.59550439        124945786.17615995     
   85389340.094244555        122836560.51139432        99652162.207691133        127350262.46878795     
   84329651.485861868        123566459.36609609        97980722.123860344        129686089.29251941     
   83263724.139536858        124287216.72969873        96122906.299449921        131932021.12079820     
   82191636.912957862        124998779.28031337        94089243.206002504        134067878.71166292     
   81113469.119523481        125701094.37628660        91892500.934160575        136074814.68960917     
   80029300.522474796        126394110.06009504        89547519.749041632        137935561.56131503     
   78939211.328994498        127077775.06218918        87071017.307485282        139634658.89251035     
   77843282.184273034        127752038.80478637        84481369.107411638        141158656.64825666     
   76741594.165542737        128416851.40561242        81798367.066363543        142496292.01344639     
   75634228.776079357        129072163.68159205        79042959.414906055        143638637.36028051     
   74521267.939172626        129717927.15248744        76236975.337123796        144579217.41022131     
   73402793.992065504        130354094.04448481        73402837.991730377        145314094.04442009     
   72278889.679862753        130980617.29372872        70563269.700629875        145841917.64352506     
   71149638.149409667        131597450.54980385        67740993.195128605        146163944.27944431     
   70015122.943140402        132204548.17916414        64958432.862015121        146284018.53225091     
   68875427.992898017        132801865.26850864        62237419.931731515        146208522.15901974     
   67730637.613724709        133389357.62810428        59598905.498834535        145946289.29199669     
   66580836.497624435        133966981.79505502        57062685.161596343        145508489.28517374     
   65426109.707297213        134534695.03651729        54647138.914266020        144908478.75524694     
   64266542.669846259        135092455.35286132        52368989.724244855        144161624.76944029     
   63102221.170457982        135640221.48077837        50243083.979862496        143285101.51341745     
   61933231.346055597        136177952.89633325        48282196.705842197        142297663.12245458     
   60759659.678926662        136705609.81796253        46496864.116712585        141219395.67359263     
   59581592.990325198        137223153.20941737        44895245.717676200        140071451.61147350     
   58399118.434048444        137730544.78265154        43483017.772542462        138875770.11236656     
   57212323.489989273        138227747.00065404        42263299.544418313        137654787.07644817     
   56021295.957664452        138714723.08022594        41236613.282386109        136431138.57525918     
   54826123.949719101        139191436.99470180        40400878.482091956        135227361.66762963     
   53626895.885408178        139657853.47661474        39751440.495895952        134065596.53208365     
   52423700.484055080        140113938.02030575        39281133.114964023        132967293.84636627     
   51216626.758488357        140559656.88447624        38980374.297394402        131952931.27549043     
   50005764.008456282        140994977.09468439        38837293.779081240        131041742.80951038     
   48791201.814020440        141419866.44578451        38837890.883300275        130251464.52266201     
   47573030.028928846        141834293.50430956        38966220.446503714        129598100.10881786     
   46351338.773968175        142238227.61079678        39204604.406794168        129095709.28723893     
   45126218.430296816        142631638.88205570        39533866.262909226        128756221.87081185     
   43897759.632758334        143014498.21337897        39933585.309750892        128589279.95032282     
   42666053.263176307        143386777.28069559        40382367.295527592        128602110.27730440     
   41431190.443630986        143748448.54266629        40858127.928879209        128799428.52949531     
   40193262.529717699        144099485.24272108        41338385.494788714        129183376.72223669     
   38952361.103788763        144439861.41103861        41800558.717887737        129753494.59173843     
   37708577.968177915        144769551.86646760        42222265.942516953        130506725.32786357     
   36462005.138408706        145088532.21838954        42581621.681528427        131437455.58080614     
   35212734.836387441        145396778.86852333        42857526.620537952        132537589.21376729     
   33960859.483580291        145694269.01267090        43029947.250694454        133796653.82842577     
   32706471.694176022        145980980.64240447        43080181.439895861        135201938.65753600     
   31449664.268234394        146256892.54669449        42991106.437932454        136738662.00506988     
   30190530.184820689        146521984.31347916        42747406.042837776        138390166.02441564     
   28929162.595127299        146776236.33117417        42335773.930712365        140138136.26439586     
   27665654.815581962        147019629.79012382        41745090.465826437        141962843.08603743     
   26400100.320944678        147252146.68399253        40966570.657758832        143843401.76441973     
   25132592.737392027        147473769.81109688        39993881.313065492        145758047.84336513     
   23863225.835590843        147684482.77567819        38823225.835475817        147684424.10945833     
   22592093.523760989        147884269.98911560        37453395.555517755        149599875.39855632     
   21319289.840727970        148073116.67107919        35885786.912144728        151481747.34459120     
   20044908.948966067        148251008.85062355        34124384.259547606        153307685.12844920     
   18769045.127631824        148417933.36722124        32175708.525937952        155055928.28470337     
   17491792.765589554        148573877.87173650        30048732.401701592        156705597.67599922     
   16213246.354428370        148718830.82733878        27754763.175991375        158236970.84824508     
   14933500.481471509        148852781.51035637        25307294.767734125        159631742.13308364     
   13652649.822778860        148975720.01106951        22721830.903532237        160873264.06539035     
   12370789.136142753        149087637.23444372        20015681.775679350        161946766.93010971     
   11088013.254077749        149188524.90080261        17207736.863461509        162839553.54133922     
   9804417.0768048968        149278375.54644027        14318216.915459255        163541166.68340096     
   8520095.5652309451        149357182.52417368        11368408.365555722        164043527.00438747     
   7235143.7339232368        149424940.00383428        8380383.6871543536        164341039.54257172     
   5949656.6440803278        149481642.97269934        5376711.3756689420        164430667.47998425     
   4663729.3964992948        149527287.23586285        2380159.3862101836        164311972.14992538     
   3377457.1245404370        149561869.41654578       -586604.06024004705        163987118.77048475     
   2090934.9870889541        149585386.95634601       -3501308.3541554334        163460847.82841465     
   804258.16151521413        149597838.11542743       -6342373.1276490036        162740412.49097270     
  -482478.16336653027        149599221.97264889       -9089191.7761136349        161835482.87163898     
  -1769178.7943402801        149589538.42563209       -11722402.130112294        160758018.41300026     
  -3055748.5408305521        149568788.19076931       -14224140.705874044        159522110.07081494     
  -4342092.2219449757        149536972.80317041       -16578277.179446466        158143794.38176808     
  -5628114.6735153450        149494094.61654919       -18770625.990517933        156640841.86844352     
  -6913720.7551382333        149440156.80304933       -20789132.283718981        155032522.57368061     
  -8198815.3572135093        149375163.35300964       -22624029.733846907        153339351.81827831     
  -9483303.4079802856        149299119.07466897       -24267968.172473617        151582819.53697777     
  -10767089.880550725        149212029.59381038       -25716109.331892803        149785106.76435223     
  -12050079.799939830        149113901.35334492       -26966189.443078071        147968793.01179886     
  -13332178.250092091        149004741.61283517       -28018547.861714534        146156558.39702672     
  -14613290.380903115        148884558.44795793       -28876121.344650865        144370884.45667782     
  -15893321.415236676        148753360.74990702       -29544404.052391902        142633757.59009680     
  -17172176.655936673        148611158.22473529       -30031373.805523355        140966379.04754111     
  -18449761.492832422        148457961.39263666       -30347385.568266630        139388885.28976661     
  -19725981.409738295        148293781.58716792       -30505033.564827792        137920082.40906081     
  -21000741.991445903        148118630.95441005       -30518983.848119169        136577198.11624506     
  -22273948.930708993        147932522.45206991       -30405779.530337423        135375654.56636900     
  -23545508.035220388        147735469.84852138       -30183621.245631941        134328865.02083442     
  -24815325.234580178        147527487.72178698       -29872125.741927329        133448057.02914554     
  -26083306.587255411        147308591.45845920       -29492065.787571125        132742124.46353339     
  -27349358.287529655        147078797.25256231       -29065094.825040355        132217510.35896353     
  -28613386.672442768        146838122.10435435       -28613460.005217519        131878122.10453409     
  -29875298.228720319        146586583.81906927       -28159707.389073439        131725280.10536636     
  -31134999.599691585        146324201.00559992       -27726383.206951961        131757700.59242082     
  -32392397.592196148        146050993.07512113       -27335735.117674895        131971512.80705838     
  -33647399.183478348        145766980.23965394       -27009417.409686923        132360310.33356568     
  -34899911.528069168        145472183.51056996       -26768204.034441769        132915235.90225033     
  -36149841.964654960        145166624.69703728       -26631713.258879654        133625098.54404104     
  -37397098.022932500        144850326.40440676       -26618147.570519462        134476521.55062121     
  -38641587.430450059        144523312.03253987       -26744052.267421216        135454119.28762081     
  -39883218.119433850        144185605.77407742       -27024095.918709751        136540700.52765056     
  -41121898.233598903        143837232.61264983       -27470875.592752174        137717495.62000954     
  -42357536.134944960        143478218.32102889       -28094749.423251398        138964404.49935463     
  -43590040.410535753        143108589.45922101       -28903698.722771280        140260262.26063034     
  -44819319.879261754        142728373.37250227       -29903221.463307206        141583118.79575604     
  -46045283.598585807        142337598.18939549       -31096258.529601306        142910528.80201185     
  -47267840.871271126        141936292.81958926       -32483153.718438633        144219848.33519861     
  -48486901.252090976        141524486.95179918       -34061648.011854045        145488533.99428415     
  -49702374.554520003        141102211.05157140       -35826908.199908264        146694440.78952366     
  -50914170.857406296        140669496.35902888       -37771589.475419454        147816114.76341096     
  -52122200.511623509        140226374.88656017       -39885931.174749054        148833076.50306031     
  -53326374.146703407        139772879.41645119       -42157884.401352793        149726091.80281159     
  -54526602.677447557        139309043.49845982       -44573269.848086029        150477425.90541357     
  -55722797.310517468        138834901.44733414       -47115963.735755563        151071077.96683365     
  -56914869.551004112        138350488.34027362       -49768109.414396316        151492992.65070829     
  -58102731.208974563        137855840.01433402       -52510351.835104935        151731246.06023833     
  -59286294.405996010        137350993.06377646       -55322091.798469886        151776203.55397323     
  -60465471.581637710        136835984.83735982       -58181756.624671049        151620647.36294109     
  -61640175.499947995        136310853.43557796       -61067083.673616640        151259872.32507676     
  -62810319.255908653        135775637.70784077       -63955412.973928586        150691748.47361854     
  -63975816.281863868        135230377.24960026       -66823985.099379033        149916749.65353087     
  -65136580.353924416        134675112.39942124       -69650240.362141252        148937947.78829902     
  -66292525.598346904        134109884.23599702       -72412115.374841765        147760972.87271094     
  -67443566.497886524        133534734.57511030       -75088333.068117037        146393939.21951526     
  -68589617.898123547        132949705.96653989       -77658682.336740702        144847338.93315178     
  -69730595.013763189        132354841.69091262       -80104283.624247596        143133904.01621282     
  -70866413.434908271        131750185.75650151       -82407836.941529155        141268438.92821419     
  -71996989.133303404        131135782.89597005       -84553849.046676025        139267625.80615562     
  -73122238.468551993        130511678.56306274       -86528836.788327947        137149804.91710126     
  -74242078.194303527        129877918.92924264       -88321503.929328412        134934733.23984560     
  -75356425.464412302        129234550.88027532       -89922889.117435783        132643324.36133061     
  -76465197.839066699        128581622.01276039       -91326483.050576508        130297373.12004839     
  -77568313.290887594        127919180.63061033       -92528313.290628776        127919268.62994008     
  -78665690.210997283        127247275.74147670       -93526995.606632039        125531699.47162527     
  -79757247.415056542        126565957.05312490       -94323751.169983953        123157354.94116084     
  -80842904.149270818        125875274.96975651       -94922389.374801293        120818626.29854463     
  -81922580.096364558        125175280.58828041       -95329256.510222077        118537311.95818609     
  -82996195.381523028        124466025.69453263       -95553150.962038115        116334330.51154828     
  -84063670.578301266        123747562.75944526       -95605206.062719613        114229445.36881006     
  -85124926.714500308        123019944.93516469       -95498742.135798946        112241004.65307635     
  -86179885.278009653        122283226.05111912       -95249089.687085658        110385699.77939370     
  -87228468.222615302        121537460.61003658       -94873386.075924993        108678345.90426672     
  -88270597.973774061        120782703.78391252       -94390348.349664956        107131687.14276879     
  -89306197.434352070        120019011.40992843       -93820025.239041865        105756229.12351568     
  -90335189.990328908        119246439.98632069       -93183531.587182745        104560101.09101965     
  -91357499.516465232        118465046.66820104       -92502768.716725364        103548949.37504371     
  -92373050.381934613        117674889.26332827       -91800134.425113812        102725863.63265856     
  -93381767.455918863        116876026.22783121       -91098226.434991643        102091336.83624294     
  -94383576.113166183        116068516.66188453       -90419543.212980524        101643259.53536350     
  -95378402.239511773        115252420.30533630       -89786186.104856923        101376948.46819483     
  -96366172.237361014        114427797.53328852       -89219566.717767969        101285209.14487271     
  -97346813.031134397        113594709.35163030       -88740123.410889506        101358431.57688324     
  -98320252.072673216        112753217.39252497       -88367050.635733902        101584717.88920273     
  -99286417.346607223        111903383.90985024       -88118044.697753996        101950040.13118234     
  -100245237.37568200        111045271.77459277       -88009069.294196218        102438426.20367488     
  -101196641.22604690        110178944.47019695       -88054143.922192767        103032171.44888258     
  -102140558.51250309        109304466.08786821       -88265157.949288577        103712073.11076564     
  -103076919.40371016        108421901.32183185       -88651712.799963847        104457684.57205218     
  -104005654.62735273        107531315.46454653       -89220994.340697765        105247586.01292415     
  -104926695.47526495        106632774.40187427       -89977677.147623777        106059667.91975395     
  -105839973.80851366        105726344.60820606       -90923861.920110717        106871423.70269887     
  -106745422.06243935        104812093.14154397       -92059046.866214693        107660247.56076306     
  -107642973.25165467        103890087.63854018       -93380133.437660590        108403733.66368940     
  -108532560.97499980        102960396.30949344       -94881466.338740334        109079972.70266707     
  -109414119.42045504        102023087.93330264       -96554907.281244129        109667841.89656208     
  -110287583.37000968        101078231.85237841       -98389941.512231588        110147284.62673402     
  -111152888.20448652        100125897.96751349       -100373815.70898601        110499576.01036525     
  -112009969.90832278        99166156.732711092       -102491705.42157972        110707570.90777671     
  -112858765.07430591        98199079.149972826       -104726909.85357103        110755931.09100513     
  -113699210.90826412        97224736.764046177       -107061071.41060506        110631328.57589824     
  -114531245.23371248        96243201.657131135       -109474417.11985849        110322622.43452591     
  -115354806.49645235        95254546.443547949       -111946018.73466074        109821006.75465509     
  -116169833.76912537        94258844.264364794       -114454068.09206165        109120127.79377133     
  -116976266.75572088        93256168.781986907       -116976164.08983618        108216168.78163463     
  -117774045.79603648        92246594.174707085       -119489607.49609081        107107901.25225940     
  -118563111.87009183        91230195.131217882       -121971699.70127694        105796702.22787961     
  -119343406.60249510        90207046.845085919       -124400041.47039281        104286537.02807057     
  -120114872.26676135        89177225.009189457       -126752827.75315219        102583907.93080336     
  -120877451.78958334        88140805.810118139       -129009134.66191675        100697769.36281668     
  -121631088.75505374        87097865.922537059       -131149194.83053969        98639410.738366410     
  -122375727.40883878        86048482.503514171       -133154657.52059217        96422308.492315799     
  -123111312.66230310        84992733.186812192       -135008830.04271364        94061949.260036439     
  -123837790.09658520        83930696.077145129       -136696897.30738848        91575626.537330315     
  -124555105.96662319        82862449.744400322       -138206116.60805076        88982213.503536031     
  -125263207.20513104        81788073.217825621       -139525985.06624925        86301915.005526617     
  -125962041.42652449        80707645.980182886       -140648377.52934799        83556001.975297153     
  -126651556.93079652        79621247.961867601       -141567653.10114229        80766531.785640642     
  -127331702.70734225        78528959.534995794       -142280728.89968282        77956058.233971119     
  -128002428.43873250        77430861.507458135       -142787120.06906232        75147334.981215075     
  -128663684.50443643        76327035.116941646       -143088945.51722768        72363016.359059125     
  -129315421.98449257        75217562.024919525       -143190899.30415043        69625359.493567511     
  -129957592.66312772        74102524.310610190       -143100188.05795982        66955931.675812967     
  -130590149.03232417        72982004.464904681       -142826435.24493209        64375326.840923317     
  -131213044.29533431        71856085.384263992       -142381553.55661747        61902894.896755375     
  -131826232.37014247        70724850.364586845       -141779587.09810710        59556487.473844789     
  -132429667.89287445        69588383.095046669       -141036525.45994014        57352223.451586463     
  -133023306.22115329        68446767.651900694       -140170092.12716731        55304277.354639702     
  -133607103.43740194        67300088.492270052       -139199510.01773208        53424693.411758654     
  -134181016.35209244        66148430.447891206       -138145247.24412191        51723227.730609231     
  -134745002.50694099        64991878.718840472       -137028746.45321682        50207220.671125993     
  -135299020.17804897        63830518.867230736       -135872141.31595770        48881501.101461567     
  -135843028.37898991        62664436.810881332       -134697963.90802535        47748323.799867548     
  -136376986.86384144        61493718.816962235       -133528846.84292105        46807340.828457661     
  -136900856.13016289        60318451.495611511       -132387224.08808573        46055607.256514803     
  -137414597.42191753        59138721.793528296       -131295034.41207096        45487621.157736406     
  -137918172.73233980        57954616.987540230       -130273431.37605868        45095397.353535794     
  -138411544.80674717        56766224.678146631       -129342503.69666189        44868573.929213747     
  -138894677.14529619        55573632.783037819       -128521009.67008702        44794550.117347412     
  -139367534.00568271        54376929.530591130       -127826129.16218336        44858653.728826940     
  -139830080.40578610        53176203.453343585       -127273236.43710621        45044335.922067180     
  -140282282.12625745        51971543.381442033       -126875696.82234213        45333390.740168869     
  -140724105.71305075        50763038.436071932       -126644689.89329961        45706196.518971749     
  -141155518.47989824        49550778.022863597       -126589061.51072142        46141975.980339028     
  -141576488.51072830        48334851.825278386       -126715206.66343930        46619071.578440711     
  -141986984.66202661        47115349.797973722       -127026984.66248673        47115232.465534016     
  -142386976.56514031        45892362.160147995       -127525667.80568472        47607909.290403642     
  -142776434.62852454        44665979.388866574       -128209924.19014250        48074552.939269565     
  -143155330.03993177        43436292.212367833       -129075834.89950646        48492913.276946455     
  -143523634.76854321        42203391.603351153       -130116945.33918586        48841333.946032189     
  -143881321.56704256        40967368.772247210       -131324350.04217264        49099039.333921865     
  -144228363.97363183        39728315.160469405       -132686809.82640252        49246409.920796908     
  -144564736.31398901        38486322.433649436       -134190899.75769436        49265242.375057511     
  -144890413.70316738        37241482.474855997       -135821185.96580356        49138990.963940218     
  -145205372.04743659        35993887.377796747       -137560428.98038322        48852987.093621038     
  -145509588.04606509        34743629.440005690       -139389810.90369055        48394634.081704050     
  -145803039.19304386        33490801.156014729       -141289183.42233592        47753574.591824710     
  -146085703.77875155        32235495.210510693       -143237333.38537964        46921828.520842530     
  -146357560.89156044        30977804.471478984       -145212262.44427559        45893899.518998861     
  -146618590.41938356        29717821.983332623       -147191477.06461149        44666848.737329669     
  -146868773.05116260        28455640.960029233       -149152285.08271930        43240334.829086371     
  -147108090.27829647        27191354.778174885       -151072094.89387199        41616619.677222520     
  -147336524.39601067        25925056.970115878       -152928713.32405442        39800539.772276849     
  -147554058.50466701        24656841.217019361       -154700638.25466156        37799443.618255123     
  -147760676.51101390        23386801.341942873       -156367342.13872343        35623095.992399901     
  -147956363.12937695        22115031.302893147       -157909542.66744527        33283550.322126545     
  -148141103.88278976        20841625.185874879       -159309457.01540983        30794990.863126740     
  -148314885.10406494        19566677.197930660       -160551036.30948791        28173546.761135727     
  -148477693.93680525        18290281.660171054       -161620177.22746041        25437080.450877953     
  -148629518.33635470        17012533.000796806       -162504907.93414962        22604953.184349224     
  -148770347.07068962        15733525.748113489       -163195545.90149337        19697770.782388974     
  -148900169.72124961        14453354.523537396       -163684825.53000939        16737112.964464447     
  -149018976.68370828        13172114.034596210       -163967993.88759106        13745249.828292849     
  -149126759.16868383        11889899.067921979       -164042873.30229414        10744849.220486853     
  -149223509.20238927        10606804.482238898       -163909889.98315966        7758678.8596200403     
  -149309219.62722230        9322925.2013460845       -163572068.29140788        4809307.1423451435     
  -149383884.10229486        8038356.2070943024       -163034990.73760608        1918806.5805807812     
  -149447497.10390228        6753192.5323596131       -162306724.23268795       -891536.21693573985     
  -149500053.92593178        5467529.2540129609       -161397713.56600797       -3601500.1917933729     
  -149541550.68021080        4181461.4858858758       -160320643.51608083       -6192195.4216706604     
  -149571984.29679450        2895084.3717343886       -159090271.41357076       -8646311.1401875149     
  -149591352.52419302        1608493.0782000576       -157723232.36600304       -10948342.918115407     
  -149599653.92953786        321782.78776937869       -156237819.71441886       -13084796.008196259     
  -149596887.89868817       -964951.30826772086       -154653743.61902958       -15044362.170361716     
  -149583054.63627583       -2251614.0168600329       -152991870.95953020       -16818067.644092523     
  -149558155.16569060       -3538110.1502376841       -151273949.98230070       -18399390.315394856     
  -149522191.32900426       -4824344.5329540307       -149522323.32799885       -19784344.532371685     
  -149475165.78683439       -6110222.0089269681       -147759633.22637919       -20971532.450271569     
  -149417082.01814750       -7395647.4484784808       -146008522.74853000       -21962161.228566859     
  -149347944.32000166       -8680525.7553722393       -144291337.05874687       -22760025.853224628     
  -149267757.80722871       -9964761.8738489840       -142629828.60826397       -23371457.810936958     
  -149176528.41205564       -11248260.795658981       -141044870.16104749       -23805240.292688146     
  -149074262.88366592       -12530927.567090312       -139556179.43850592       -24072491.045708414     
  -148960968.78770015       -13812667.295994040       -138182059.01664782       -24186514.419771820     
  -148836654.50569624       -15093385.158804229       -136939154.90794972       -24162624.560298793     
  -148701329.23446950       -16372986.407552570       -135842237.01363650       -24017942.081466712     
  -148555002.98543221       -17651376.376878664       -134904004.34347630       -23771166.902486350     
  -148397686.58385280       -18928460.491032928       -134134917.57336475       -23442330.244743332     
  -148229391.66805530       -20204144.270873223       -133543061.15022925       -23052529.062500119     
  -148050130.68855807       -21478333.340854961       -133134036.76387842       -22623646.411650419     
  -147859916.90715283       -22750933.436012283       -132910889.59151368       -22178061.446581505     
  -147658764.39592355       -24021850.408932649       -132874068.28815328       -21738352.872064594     
  -147446688.03620535       -25290990.236721434       -133021419.25091523       -21326999.763456594     
  -147223703.51748356       -26558259.027957655       -133348215.23283288       -20966083.703227427     
  -146989827.33623311       -27823563.029640559       -133847217.92860621       -20676996.164455768     
  -146745076.79469791       -29086808.634125020       -134508773.70640358       -20480155.002695512     
  -146489469.99961114       -30347902.386046886       -135320941.22243831       -20394733.797428362     
  -146223025.86085534       -31606750.989236955       -136269649.23432580       -20438407.614749603     
  -145945764.09006372       -32863261.313622937       -137338882.53072754       -20627118.546248950     
  -145657705.19916183       -34117340.402119122       -138510893.52376902       -20974864.118082352     
  -145358870.49884996       -35368895.477503516       -139766436.71208066       -21493511.362438403     
  -145049282.09702671       -36617833.949281693       -141085022.92050910       -22192639.004969984     
  -144728962.89715341       -37864063.420536250       -142445189.96157712       -23079409.850745402     
  -144397936.59655961       -39107491.694762900       -143824786.14707571       -24158475.052780844     
  -144056227.68469009       -40348026.782690696       -145201262.90859479       -25431911.526498236     
  -143703861.44129306       -41585576.909087673       -146551972.66560763       -26899193.336065575     
  -143340863.93454987       -42820050.519550562       -147854468.01047024       -28557197.430289809     
  -142967262.01914662       -44051356.287277631       -149086798.26232132       -30400243.652460225     
  -142583083.33428738       -45279403.119825445       -150227799.47658962       -32420168.496270917     
  -142188356.30164936       -46504100.165847860       -151257374.08316803       -34606431.634639814     
  -141783110.12328047       -47725356.821816742       -152156756.46317440       -36946253.815777451     
  -141367374.77943861       -48943082.738725632       -152908760.95977199       -39424784.306946456     
  -140941181.02637407       -50157187.828773379       -153498009.05031303       -42025295.676437549     
  -140504560.39405400       -51367582.272028685       -153911132.68205708       -44729403.343546256     
  -140057545.18382969       -52574176.523075491       -154136951.08825299       -47517306.999497630     
  -139600168.46604723       -53776881.317637153       -154166618.75132141       -50368050.713656358     
  -139132464.07760069       -54975607.679180406       -153993742.56061175       -53259798.292799555     
  -138654466.61942881       -56170266.925498076       -153614466.61870986       -56170120.259948581     
  -138166211.45395553       -57360770.675269395       -153027523.57717484       -59076288.665922500     
  -137667734.70247355       -58547030.854598962       -152234251.82425427       -61955575.843427680     
  -137159073.24247214       -59728959.703532070       -151238578.29773808       -64785553.161458135     
  -136640264.70490918       -60906469.782547377       -150046967.14971489       -67544385.837789461     
  -136111347.47142667       -62079473.979025878       -148668334.94060308       -70211119.919359654     
  -135572360.67151183       -63247885.513695329       -147113933.48150763       -72765957.643678665     
  -135023344.17960194       -64411617.947050191       -145397201.87085289       -75190517.547736421     
  -134464338.61213449       -65570585.185746484       -143533589.67775118       -77468075.892143801     
  -133895385.32454237       -66724701.488971241       -141540353.60531002       -79583786.214800552     
  -133316526.40819445       -67873881.474785209       -139436330.31702921       -81524874.116985664     
  -132727804.68728147       -69018040.126439855       -137241688.42399013       -83280804.711592242     
  -132129263.71564801       -70157092.798666790       -134977662.90552717       -84843420.523972929     
  -131520947.77357049       -71290955.223939478       -132666275.46787556       -86207048.025764555     
  -130902901.86448100       -72419543.518708110       -130330044.53084795       -87368571.395975009     
  -130275171.71163818       -73542774.189604715       -127991688.66946098       -88327472.536073923     
  -129637803.75474444       -74660564.139620379       -125673827.42379421       -89085836.811139151     
  -128990845.14651038       -75772830.674252748       -123398683.42509915       -89648324.441379845     
  -128334343.74916662       -76879491.507623389       -121187789.76879826       -90022107.921628669     
  -127668348.13092256       -77980464.768565997       -119061706.49578142       -90216776.294685915     
  -126992907.56237349       -79075669.006682858       -117039749.92321441       -90244207.541784450     
  -126308072.01285560       -80165023.198370516       -115139738.39651163       -90118410.774168074     
  -125613892.14674908       -81248446.752814233       -113377757.81743591       -89855340.308273345     
  -124910419.31973010       -82325859.517949745       -111767950.04232442       -89472684.078021690     
  -124197705.57497139       -83397181.786393240       -110322326.94264939       -88989629.176373944     
  -123475803.63929200       -84462334.301338136       -109050612.58148624       -88426607.620094150     
  -122744766.91925685       -85521238.262418240       -107960115.58844912       -87805025.692641392     
  -122004649.49722525       -86573815.331537828       -107055633.41715831       -87146980.436808541     
  -121255506.12735033       -87619987.638666704       -106339389.74859004       -86474967.038293615     
  -120497392.23152795       -88659677.787601441       -105811005.86626826       -85811580.961593881     
  -119730363.89529668       -89692808.861691013       -105467506.38097447       -85179218.768855557     
  -118954477.86368878       -90719304.429526880       -105303359.22937828       -84599781.569696993     
  -118169791.53703180       -91739088.550597936       -105310549.41872081       -84094385.015296057     
  -117376362.96670243       -92752085.780908063       -105478685.54437390       -83683079.663685858     
  -116574250.85083158       -93758221.178557947       -105795137.67463340       -83384585.406336591     
  -115763514.52996196       -94757420.309289172       -106245204.78318918       -83216043.460555300     
  -114944213.98265827       -95749609.251990512       -106812309.51980436       -83192789.200440168     
  -114116409.82106954       -96734714.604167342       -107478217.74899215       -83328148.824139684     
  -113280163.28644536       -97712663.487371355       -108223279.95963600       -83633262.540632278     
  -112435536.24460511       -98683383.552592546       -109026691.35990097       -84116936.609290749     
  -111582591.18136100       -99646802.985611424       -109866767.22521104       -84785526.184760764     
  -110721391.19789548       -100602850.51231198       -110721229.86579098       -85642850.513181895     
  -109852000.00609316       -101551455.40395424       -111567503.42694263       -86690141.598874494     
  -108974481.92382704       -102492547.48240718       -112383012.63186382       -87926027.018948168     
  -108088901.87020038       -103426057.12534051       -113145481.52479278       -89346547.112674505     
  -107195325.36074397       -104351915.27137507       -113833228.27225700       -90945206.318864524     
  -106293818.50256933       -105270053.42519236       -114425452.13222089       -92713057.983880773     
  -105384447.98947787       -106180403.66260168       -114902508.80427533       -94638821.521239206     
  -104467281.09702745       -107082898.63556482       -115246170.52733728       -96709030.376850769     
  -103542385.67755446       -107977471.57717930       -115439867.49259120       -98908208.847449273     
  -102609830.15515463       -108864056.30661720       -115468907.38596788       -101219075.41900340     
  -101669683.52062085       -109742587.23402141       -115320670.16305266       -103622769.94196537     
  -100722015.32633907       -110612999.36535814       -114984775.48614211       -106099101.64565569     
  -99766895.681143388       -111475228.30722460       -114453220.61391552       -108626814.71909602     
  -98804395.245128483       -112329210.27161381       -113720486.92408466       -111183867.95380034     
  -97834585.224422753       -113174882.08063291       -112783613.66330303       -113747724.75846748     
  -96857537.365920186       -114012181.17117739       -111642237.95107411       -116295649.71866155     
  -95873323.951972872       -114841045.59955932       -110298600.50970644       -118805007.78819112     
  -94882017.795042813       -115661414.04609050       -108757517.04463296       -121253562.16417743     
  -93883692.232316360       -116473225.81961787       -107026315.65268740       -123619766.91516294     
  -92878421.120277375       -117276420.86201477       -105114741.08421107       -125883050.50085934     
  -91866278.829244301       -118070939.75262304       -103034827.12226391       -128024086.44231312     
  -90847340.237867922       -118856723.71264935       -100800738.76292402       -130025047.57083914     
  -89821680.727591321       -119633714.60951404       -98428586.279165000       -131869840.50075471     
  -88789376.177074313       -120401854.96115077       -95936213.621818438       -133544317.23191279     
  -87750502.956578463       -121161087.94026040       -93342963.949765190       -135036461.08982596     
  -86705137.922318324       -121911357.37851399       -90669425.383308932       -136336544.54979995     
  -85653358.410775155       -122652607.77070862       -87937160.335643053       -137437256.86251900     
  -84595242.232975200       -123384784.27887391       -85168421.994032174       -138333799.79701138     
  -83530867.668733910       -124107832.73632838       -82385861.691893443       -139023950.23764217     
  -82460313.460864350       -124821699.65168715       -79612231.033166334       -139508088.80917028     
  -81383658.809351757       -125526332.21281908       -76870082.699605748       -139789194.15218911     
  -80300983.365494534       -126221678.29075389       -74181473.889015332       -139872802.92454436     
  -79212367.226011142       -126907686.44353878       -71567676.297717080       -139766936.05659389     
  -78117890.927115157       -127584305.92004387       -69048896.474198133       -139481992.23348147     
  -77017635.438556761       -128251486.66371696       -66644010.234017789       -139030610.01006353     
  -75911682.157632634       -128909179.31628670       -64370314.640509486       -138427500.37804410     
  -74800112.903164342       -129557335.22141410       -62243300.824014693       -137689251.99477828     
  -73683009.909444809       -130195906.42829236       -60276450.637405477       -136834111.64395845     
  -72560455.820155352       -130824845.69519386       -58481059.831114039       -135881742.82522997     
  -71432533.682251170       -131444106.49296547       -56866090.080935664       -134852965.65838939     
  -70299326.939817652       -132053643.00847071       -55438051.821141660       -133769481.53438793     
  -69160919.427897200       -132653410.14797890       -54200919.428932481       -132653586.14663841     
  -68017395.366286695       -133243363.54050149       -53156079.879360795       -131527874.68945742     
  -66868839.353307568       -133823459.54107429       -52302315.548184216       -130414943.11383285     
  -65715336.359546795       -134393655.23398650       -51635821.389494233       -129337089.38273272     
  -64556971.721570291       -134953908.43595591       -51150256.261367865       -128316018.66817811     
  -63393831.135611020       -135504177.69924894       -50836827.722176395       -127372556.38028732     
  -62226000.651227437       -136044422.31474778       -50684409.178509384       -126526372.81514536     
  -61053566.664938860       -136574602.31496143       -50679687.838771589       -125795723.05503842     
  -59876615.913833320       -137094678.47698277       -50807341.519998610       -125197205.55331810     
  -58695235.469150268       -137604612.32539049       -51050241.974697843       -124745542.58960555     
  -57509512.729840323       -138104366.13509485       -51389682.054569073       -124453385.49244471     
  -56319535.416097745       -138593902.93412951       -51805623.713405721       -124331147.19968954     
  -55125391.562872283       -139073186.50638595       -52276963.576496914       -124386864.36616196     
  -53927169.513355710       -139542181.39429310       -52781812.572034836       -124626090.83822016     
  -52724957.912445903       -140000852.90144059       -53297785.934481546       -125051823.90096131     
  -51518845.700189553       -140449167.09514534       -53802299.752978690       -125664464.27132095     
  -50308922.105201833       -140887090.80896211       -54272870.151511513       -126461810.36502765     
  -49095276.638065390       -141314591.64513701       -54687411.152822576       -127439086.91309711     
  -47877999.084708452       -141731637.97700447       -55024527.295423262       -128589007.55028024     
  -46657179.499761917       -142138198.95132694       -55263797.142301470       -129901870.54959111     
  -45432908.199897796       -142534244.49057728       -55386043.940109469       -131365686.43965052     
  -44205275.757147118       -142919745.29516411       -55373589.857172050       -132966335.82085912     
  -42974372.992199600       -143294672.84559920       -55210490.445355929       -134687755.29791912     
  -41740290.967684157       -143658999.40460765       -54882746.231789827       -136512149.07519811     
  -40503120.981432885       -144012698.01917958       -54378488.648228623       -138420223.42279211     
  -39262954.559726387       -144355742.52256423       -53688137.844478659       -140391440.91934285     
  -38019883.450522125       -144688107.53620601       -52804530.303320989       -142404291.11669576     
  -36773999.616668276       -145009768.47162154       -51723014.572861895       -144436574.05477896     
  -35525395.229098529       -145320701.53221923       -50441513.852951482       -146465692.88552588     
  -34274162.660014607       -145620883.71505943       -48960554.609707087       -148468951.74444497     
  -33020394.476052035       -145910292.81255627       -47283260.840456136       -150423854.93920857     
  -31764183.431431685       -146188907.41412070       -45415314.064689025       -152308403.50724334     
  -30505622.461098500       -146456706.90774432       -43364879.568885356       -154101385.22902334     
  -29244804.673845641       -146713671.48152423       -41142499.878380790       -155782654.27012745     
  -27981823.345426422       -146959782.12512887       -38760956.861911178       -157333396.76197532     
  -26716771.911653817       -147195020.63120431       -36235104.288386777       -158736378.81670558     
  -25449743.961487554       -147419369.59672135       -33581673.045354158       -159976173.70345825     
  -24180833.230111156       -147632812.42426276       -30819051.589359440       -161039365.18830091     
  -22910133.591996826       -147835333.32325143       -27967044.525254712       -161914724.35458148     
  -21637739.053960744       -148026917.31111845       -25046612.500101350       -162593357.57043362     
  -20363743.748208534       -148207550.21441147       -22079596.843891572       -163068823.65089849     
  -19088241.925370786       -148377218.66984338       -19088432.590585291       -163337218.66862836     
  -17811327.947531153       -148535910.12528080       -16095853.666294122       -163397227.29403856     
  -16533096.281244913       -148683612.84067282       -13124594.134801965       -163250139.98744649     
  -15253641.490550393       -148820315.88891941       -10197089.442639807       -162899835.81634489     
  -13973058.229973238       -148946009.15667990       -7335181.6059372462       -162352731.12456140     
  -12691441.237523306       -149060683.34512120       -4559832.2292595226       -161617694.73066688     
  -11408885.327686710       -149164329.97060555       -1890847.1432884764       -160705930.77466810     
  -10125485.384410875       -149256941.36531836        653383.70511502400       -159630830.75892881     
  -8841336.3540851157       -149338510.67783532        3056127.6781961117       -158407796.73576593     
  -7556533.2385166222       -149409031.87362936        5302529.0022275383       -157054037.97491324     
  -6271171.0879016379       -149468499.73551708        7379803.5549535891       -155588343.79399794     
  -4985344.9937944226       -149516909.86404464        9277406.3152687475       -154030835.54972190     
  -3699150.0820719409       -149554258.67781335        10987169.265589802       -152402701.06243277     
  -2412681.5058958866       -149580543.41374451        12503407.927279472       -150725914.97857159     
  -1126034.4386746786       -149595762.12728393        13822995.123389240       -149022948.76104754     
   160695.93297936398       -149599913.69254571        14945400.995460048       -147316474.13445401     
   1447414.4162904974       -149592997.80239555        15872698.746412002       -145629063.89841190     
   2734025.8193624825       -149575014.96847346        16609536.033838782       -143982894.05705142     
   4020434.9582213131       -149545966.52115601        17163072.391286086       -142399451.19527832     
   5306546.6638561636       -149505854.60945773        17542883.503382184       -140899248.96323121     
   6592265.7892605579       -149454682.20087233        17760833.598083880       -139501557.41014880     
   7877497.2164712474       -149392453.08115298        17830917.640015639       -138224148.73930371     
   9162145.8636049367       -149319171.85403228        17769075.407383122       -137083062.83897203     
   10446116.691893011       -149234843.94088182        17592979.905961070       -136092395.68344513     
   11729314.712711737       -149139475.58031094        17321802.912294406       -135264113.39629829     
   13011644.994610088       -149033073.82770523        16975960.740058355       -134607894.42950049     
   14293012.670332678       -148915646.55470461        16576843.584483396       -134131001.94093153     
   15573322.943837937       -148787202.44862100        16146532.016465668       -133838188.05438560     
   16852481.097311690       -148647751.01179549        15707504.367539966       -133731631.26541771     
   18130392.498173483       -148497302.56089562        15282338.867103180       -133810907.81900790     
   19406962.606078736       -148335868.22615176        14893414.462524347       -134072997.43672733     
   20682096.979911406       -148163459.95053416        14562614.270151135       -134512323.31782314     
   21955701.284771975       -147980090.48886901        14311035.570515472       -135120825.88636273     
   23227681.298956230       -147785773.40689501        14158710.174675638       -135888069.31127366     
   24497942.920925055       -147580523.08025980        14124338.851781087       -136801379.39364722     
   25766392.176267255       -147364354.69345629        14225043.322398830       -137846011.00175709     
   27032935.224650256       -147137284.23869956        14476139.090338139       -139005342.84433842     
   28297478.366764266       -146899328.51474342        14890932.110740222       -140261097.01191920     
   29559928.051252775       -146650505.12563795        15480541.977647569       -141593580.38916305     
   30820190.881634008       -146390832.47942695        16253753.964333195       -142981944.75257292     
   32078173.623210832       -146120329.78678614        17216901.868927058       -144404462.12133893     
   33333783.209967524       -145839017.05960202        18373783.211376652       -145838811.72783262     
   34586926.751455322       -145546915.10949129        19725607.900879987       -147262374.82091972     
   35837511.539664395       -145244045.54626128        21270981.051254414       -148652533.41190234     
   37085445.055882268       -144930430.77631122        23005920.171097327       -149986969.02087355     
   38330634.977538906       -144606094.00097448        24923906.501991209       -151243957.48126227     
   39572989.185035981       -144271059.21480241        27015969.827391416       -152402655.91236064     
   40812415.768562488       -143925351.20378894        29270805.633166619       -153443378.07297391     
   42048823.034894057       -143568995.54353705        31674923.073850345       -154347854.46265540     
   43282119.514176391       -143202018.59736669        34212821.792158522       -155099473.73825297     
   44512213.966692701       -142824447.51436418        36867195.258584708       -155683502.26005521     
   45739015.389612913       -142436310.22737411        39619157.947928503       -156087278.87042138     
   46962433.023726590       -142037635.45093250        42448493.355068550       -156300382.33460522     
   48182376.360157222       -141628452.67914268        45333919.577296592       -156314769.23422807     
   49398755.147057943       -141208792.18349338        48253368.958725661       -156124880.49375683     
   50611479.396288954       -140778685.01061878        51184278.106725305       -155727715.13425297     
   51820459.390074037       -140338162.98000228        54103884.453466117       -155122870.28112504     
   53025605.687638409       -139887258.68162221        56989525.449292302       -154312546.89791688     
   54226829.131825946       -139426005.47354054        59818936.439907596       -153301521.17043987     
   55424040.855693787       -138954437.47943562        62570543.296727568       -152097081.91882825     
   56617152.289088458       -138472589.58607718        65223745.938993521       -150708934.86338174     
   57806075.165196933       -137980497.44074559        67759189.006422773       -149149075.00745472     
   58990721.527077176       -137478197.44859487        70159016.110740125       -147431628.82136902     
   60171003.734165698       -136965726.76995882        72407104.311118126       -145572668.30982676     
   61346834.468759887       -136443123.31760284        74489275.719515026       -143589999.41632247     
   62518126.742479540       -135910425.75391802        76393483.443695664       -141502927.55669078     
   63684793.902700908       -135367673.48806179        78109969.414344281       -139332003.37573311     
   64846749.638967827       -134814906.67304200        79631392.013700962       -137098752.08183077     
   66003907.989377327       -134252166.20274627        80952921.821640149       -134825389.93115851     
   67156183.346938401       -133679493.70891705        82072304.215826660       -132534531.60268125     
   68303490.465905711       -133096931.55807135        82989887.999974534       -130248892.32531890     
   69445744.468086049       -132504522.84836656        83708619.682517111       -127990988.68791443     
   70582860.849117428       -131902311.40641215        84234003.481269032       -125782842.08002011     
   71714755.484721333       -131290341.78402703        84574027.581934631       -123645688.67680028     
   72841344.636925325       -130668659.25494404        84739057.623621479       -121599699.79499486     
   73962544.960259154       -130037309.81146003        84741698.816989109       -119663716.31002845     
   75078273.507919356       -129396340.16103414        84596628.514575660       -117855000.63880965     
   76188447.737906754       -128745797.72283152        84320401.442754626       -116189009.56095624     
   77292985.519132838       -128085730.62421559        83931230.165526494       -114679190.87621850     
   78391805.137495100       -127416187.69718781        83448743.677182063       -113336806.58132094     
   79484825.301923409       -126737218.47477448        82893727.309487477       -112170784.89950199     
   80571965.150392547       -126048873.18736304        82287847.385602161       -111187603.11529680     
   81653144.255905628       -125351202.75898537        81653364.254229918       -110391202.76060300     
   82728282.632443860       -124644258.80355054        81012837.490825653       -109782938.27117191     
   83797300.740883246       -123928093.62102674        80388827.156047225       -109361559.79099445     
   84860119.494879976       -123202760.19357152        79803595.053670838       -109123230.35144062     
   85916660.266720414       -122468312.18161272        79278809.930187076       -109061577.19841176     
   86966844.893137962       -121724803.91987856        78835260.506293133       -109167776.59014715     
   88010595.681096688       -120972290.41337742        78492580.127134100       -109430670.94665931     
   89047835.413537696       -120210827.33332928        78268986.664837182       -109836916.80486234     
   90078487.355092824       -119440471.01304643        78181041.105612978       -110371161.62694994     
   91102475.257760689       -118661278.44376658        78243428.007135108       -111016247.12884192     
   92119723.366548017       -117873307.27043620        78468760.723321810       -111753436.44555412     
   93130156.425073937       -117076615.78744605        78867413.966805413       -112562662.13581157     
   94133699.681137294       -116271262.93431862        79447385.918642372       -113422791.75321952     
   95130278.892247334       -115457308.29134741        80214191.704910144       -114311907.47951113     
   96119820.331115544       -114634812.07518974        81170789.645925447       -115207596.12982540     
   97102250.791110426       -113803835.13441141        82317541.251359805       -116087245.70310177     
   98077497.591673285       -112964438.94498535        83652205.489219323       -116928344.56430568     
   99045488.583694980       -112116685.60574357        85169967.404385954       -117708779.31047943     
   100006152.15485403       -111260637.83378281        86863500.709146157       -118407127.38996582     
   100959417.23491392       -110396358.95982514        88723063.519842491       -119002940.61340038     
   101905213.30098109       -109523912.92353259        90736625.976396784       -119477015.81525108     
   102843470.38272275       -108643364.26877636        92890028.060728416       -119811649.09424226     
   103774119.06754223       -107754778.13886291        95167165.531592801       -119990870.27769579     
   104697090.50571541       -106858220.27171348        97550201.522351086       -120000654.51577441     
   105612316.41548334       -105953756.99500149        100019801.00952584       -119829108.21340775     
   106519729.08810398       -105041455.22124556        102555385.05821319       -119466626.84631364     
   107419261.39286175       -104121382.44285868        105135401.48943710       -118906022.57853764     
   108310846.78203295       -103193606.72715624        107737608.39783677       -118142619.99743211     
   109194419.29581009       -102258196.71131901        110339366.77850887       -117174318.70270343     
   110069913.56718083       -101315221.59731646        112917938.40161267       -116001621.92355227     
   110937264.82676400       -100364751.14678673        115450785.00410932       -114627630.78621078     
   111796408.90760173       -99406855.675875336        117915864.85061945       -113058004.30745448     
   112647282.24990587       -98441606.050033763        120291922.75009550       -111300885.64194171     
   113489821.90576053       -97469073.678776458        122558769.70136991       -109366795.55653574     
   114323965.54377906       -96489330.510397986        124697548.47748829       -107268494.53723496     
   115149651.45371503       -95502449.026650339        126690981.64428435       -105020815.34825474     
   115966818.55102806       -94508502.237380385        128523598.74045430       -102640468.25270733     
   116775406.38140239       -93507563.675129116        130181939.62135965       -100145821.46508583     
   117575355.12521952       -92499707.389691323        131654731.28333452       -97556659.732585490     
   118366605.60198373       -91485007.942637429        132933035.83521390       -94893924.230908260     
   119149099.27470013       -90463540.401797518        134010367.66453455       -92179437.206768110     
   119922778.25420557       -89435380.335707396        134882778.25236508       -89435615.000586793     
   120687585.30345082       -88400603.808018655        135548907.51761848       -86685173.236212537     
   121443463.84173551       -87359287.371870652        136010001.01337612       -83950828.067842960     
   122190357.94889337       -86311508.064228088        136269892.74835655       -81254997.426376626     
   122928212.36942977       -85257343.400180936        136334953.86027110       -78619506.207408458     
   123656972.51660946       -84196871.367209911        136214007.81841576       -76065299.291086450     
   124376584.47649457       -83130170.419417590        135918213.27452394       -73612166.180686712     
   125086995.01193365       -82057319.471723437        135460916.10781401       -71278480.893451259     
   125788151.56649986       -80978397.894026399        134857472.61666593       -69080960.535964176     
   126480002.26837890       -79893485.505333096        134125046.19011287       -67034445.749785319     
   127162495.93420728       -78802662.567851856        133282380.14228132       -65151705.924459942     
   127835582.07285802       -77706009.781056076        132349549.70746483       -63443271.748205498     
   128499210.88917670       -76603608.275713041        131347696.46851173       -61917297.305822738     
   129153333.28766482       -75495539.607882589        130298748.72300400       -60579453.543485977     
   129797900.87611194       -74381885.752883568        129225131.47727709       -59432854.506151944     
   130432865.96917622       -73262729.099228263        128149469.89518997       -58478017.320863955     
   131058181.59191169       -72138152.442528650        127094290.11492893       -57712856.453929201     
   131673801.48324376       -71008238.979369923        126081721.38185926       -57132712.317664452     
   132279680.09939151       -69873072.301156551        125133203.42806631       -56730413.849145979     
   132875772.61723694       -68732736.387927577        124269202.95999946       -56496374.235101312     
   133462034.93764129       -67587315.602143958        123508942.99543941       -56418718.519695520     
   134038423.68870722       -66436894.682447426        122870148.62144925       -56483441.411242306     
   134604896.22898772       -65281558.737391092        122368812.52828628       -56674593.205368295     
   135161410.65064055       -64121393.239143752        122018983.41328654       -56974491.371141404     
   135707925.78252864       -62956484.017166167        121832580.04694542       -57363955.008029714     
   136244401.19326600       -61786917.251861483        121819233.45478697       -57822559.079755455     
   136770797.19420877       -60612779.468199715        121986159.29759823       -58328905.070141181     
   137287074.84239164       -59434157.529316068        122338062.13411710       -58860904.489336275     
   137793195.94340846       -58251138.630085543        122877072.82954222       -59396071.489245996     
   138289123.05423811       -57063810.290671855        123602719.93584938       -59911820.726780154     
   138774819.48601478       -55872260.350052148        124511935.42161161       -60385766.544286728     
   139250249.30674160       -54676576.959520012        125599094.67574812       -60796019.519157737     
   139715377.34394956       -53476848.576162286        126856090.25735921       -61121476.469307289     
   140170169.18729916       -52273163.956316322        128272438.41848794       -61342100.087576851     
   140614591.19112629       -51065612.149003267        129835416.99419250       -61439184.514980033     
   141048610.47693133       -49854282.489339828        131530232.84038813       -61395603.348243035     
   141472194.93581143       -48639264.591929942        133340216.61001356       -61196036.808895327     
   141885313.23083597       -47420648.344234601        135247042.29732239       -60827175.076139048     
   142287934.79936495       -46198523.899922021        137230968.65326825       -60277895.100271553     
   142680029.85530990       -44972981.672198199        139271099.28633538       -59539408.563371994     
   143061569.39133763       -43744112.327117607        141345658.01660794       -58605379.034705937     
   143432525.18101609       -42512006.776876427        143432275.84958202       -57472006.774798676     
   143792869.78090248       -41276756.173086330        145508285.78289506       -56138080.069028705     
   144142576.53257376       -40038451.900031202        147551021.55578965       -54604992.413266145     
   144481619.56459865       -38797185.567906588        149538116.39908719       -52876725.324688673     
   144809973.79445180       -37553049.006041847        151447797.84345686       -50959797.004510753     
   145127614.93036911       -36306134.256107479        153259174.69576356       -48863177.529976465     
   145434519.47314525       -35056533.565304697        154952512.39663541       -46598171.694634125     
   145730664.71787167       -33804339.379542351        156509493.12570530       -44178271.042825982     
   146016028.75561664       -32549644.336596612        157913457.22224954       -41618977.050823882     
   146290590.47504613       -31292541.259257689        159149622.73550364       -38937597.787793830     
   146554329.56398532       -30033123.148463562        160205280.20752993       -36153020.739723504     
   146807226.51092169       -28771483.176418569        161069960.11834073       -33285464.793992944     
   147049262.60644802       -27507714.679701932        161735570.78371963       -30356214.657269962     
   147280419.94464698       -26241911.152361490        162196504.88608867       -27387341.211202677     
   147500681.42441559       -24974166.238997124        162449713.23267439       -24401411.495964058     
   147710030.75073034       -23704573.727833681        162494744.76769409       -21421192.148553547     
   147908452.43585280       -22433227.543781422        162333752.31058383       -18469350.209139839     
   148095931.80047536       -21160221.741488237        161971463.94456387       -15568155.243460257     
   148272454.97480717       -19885650.498381533        161415120.43310770       -12739186.711920857     
   148438008.89960036       -18609608.107699845        160674379.49016994       -10003050.446808735     
   148592581.32711598       -17332188.971518360        159761188.16741812       -7379107.9788429514     
   148736160.82203034       -16053487.593763875        158689625.04243651       -4885222.2847244274     
   148868736.76228070       -14773598.573224280        157475714.29036844       -2537523.3106659167     
   148990299.33985135       -13492616.596549571        156137214.09248465       -350196.36591501534     
   149100839.56149912       -12210636.431247026        154693382.17380956        1664703.8214996438     
   149200349.24941862       -10927752.918670416        153164721.56373647        3497410.9332055841     
   149288821.04184738       -9644060.9670030717        151572709.93453738        5140574.6905248873     
   149366248.39361033       -8359655.5442373287        149939516.08937296        6589356.6020215340     
   149432625.57660422       -7074631.6711482452        148287707.34098297        7841492.5651854658     
   149487947.68022111       -5789084.4142640522        146639951.64243889        8897321.4962634370     
   149532210.61171192       -4503108.8788332371        145018718.40059280        9759779.6105354987     
   149565411.09648907       -3216800.2017880906        143445981.92023724        10434360.428606590     
   149587546.67836875       -1930253.5447072359        141942931.39227554        10929041.036553051     
   149598615.71975261       -643564.08677514677        140529691.25284946        11254175.573076455     
