   0.0000000000000000        1.0000000000000000        1.0000000000000000     
  0.10000000149011612        1.1051709197224806        1.1000000014901161     
  0.20000000298023224        1.2214027618002337        1.2000000029802322     
  0.30000001192092896        1.3498588236675741        1.3000000119209290     
  0.40000000596046448        1.4918247065332384        1.4000000059604645     
  0.50000000000000000        1.6487212707001282        1.5000000000000000     
  0.60000002384185791        1.8221188438332070        1.6000000238418579     
  0.69999998807907104        2.0137526834646735        1.6999999880790710     
  0.80000001192092896        2.2255409550229830        1.8000000119209290     
  0.90000003576278687        2.4596031991192131        1.9000000357627869     
   1.0000000000000000        2.7182818284590451        2.0000000000000000     
   1.1000000238418579        3.0041660955713336        2.1000000238418579     
   1.2000000476837158        3.3201170810520630        2.2000000476837158     
   1.3000000715255737        3.6692969300678029        2.3000000715255737     
   1.3999999761581421        4.0551998701611742        2.3999999761581421     
   1.5000000000000000        4.4816890703380645        2.5000000000000000     
   1.6000000238418579        4.9530325424846113        2.6000000238418579     
   1.7000000476837158        5.4739476527453581        2.7000000476837158     
   1.8000000715255737        6.0496478971174676        2.8000000715255737     
   1.8999999761581421        6.6858942828751262        2.8999999761581421     
   2.0000000000000000        7.3890560989306504        3.0000000000000000     
   2.1000001430511475        8.1661710807477093        3.1000001430511475     
   2.2000000476837158        9.0250139297803109        3.2000000476837158     
   2.2999999523162842        9.9741819792086499        3.2999999523162842     
   2.4000000953674316        11.023177431893671        3.4000000953674316     
   2.5000000000000000        12.182493960703473        3.5000000000000000     
   2.6000001430511475        13.463739961005004        3.6000001430511475     
   2.7000000476837158        14.879732434393750        3.7000000476837158     
   2.7999999523162842        16.444645986955205        3.7999999523162842     
   2.9000000953674316        18.174147102664708        3.9000000953674316     
   3.0000000000000000        20.085536923187668        4.0000000000000000     
   3.1000001430511475        22.197954456884261        4.1000001430511475     
   3.2000000476837158        24.532531366911574        4.2000000476837158     
   3.2999999523162842        27.112637627826548        4.2999999523162842     
   3.4000000953674316        29.964102904996412        4.4000000953674316     
   3.5000000000000000        33.115451958692312        4.5000000000000000     
   3.6000001430511475        36.598239679097794        4.6000001430511475     
   3.7000000476837158        40.447306288745203        4.7000000476837158     
   3.7999999523162842        44.701182361782294        4.7999999523162842     
   3.9000000953674316        49.402453816915084        4.9000000953674316     
   4.0000000000000000        54.598150033144236        5.0000000000000000     
   4.0999999046325684        60.340281842863995        5.0999999046325684     
   4.2000002861022949        66.686350120040217        5.2000002861022949     
   4.3000001907348633        73.699807756717206        5.3000001907348633     
   4.4000000953674316        81.450876432728634        5.4000000953674316     
   4.5000000000000000        90.017131300521811        5.5000000000000000     
   4.5999999046325684        99.484306154370586        5.5999999046325684     
   4.7000002861022949        109.94720390826636        5.7000002861022949     
   4.8000001907348633        121.51044069500996        5.8000001907348633     
   4.9000000953674316        134.28979249180748        5.9000000953674316     
   5.0000000000000000        148.41315910257660        6.0000000000000000     
   5.0999999046325684        164.02189165755445        6.0999999046325684     
   5.2000002861022949        181.27229373756302        6.2000002861022949     
   5.3000001907348633        200.33684818600938        6.3000001907348633     
   5.4000000953674316        221.40643731914935        6.4000000953674316     
   5.5000000000000000        244.69193226422038        6.5000000000000000     
   5.5999999046325684        270.42638163628192        6.5999999046325684     
   5.7000002861022949        298.86748647372178        6.7000002861022949     
   5.8000001907348633        330.29962290929609        6.8000001907348633     
   5.9000000953674316        365.03750267801621        6.9000000953674316     
   6.0000000000000000        403.42879349273511        7.0000000000000000     
   6.0999999046325684        445.85772756220854        7.0999999046325684     
   6.2000002861022949        492.74918206990787        7.2000002861022949     
   6.3000001907348633        544.57201399478777        7.3000001907348633     
   6.4000000953674316        601.84509526850024        7.4000000953674316     
   6.5000000000000000        665.14163304436181        7.5000000000000000     
   6.5999999046325684        735.09511913783604        7.5999999046325684     
   6.7000002861022949        812.40605759874734        7.7000002861022949     
   6.8000001907348633        897.84746290121450        7.8000001907348633     
   6.9000000953674316        992.27481023572147        7.9000000953674316     
   7.0000000000000000        1096.6331584284585        8.0000000000000000     
   7.0999999046325684        1211.9669589103951        8.0999999046325684     
   7.2000002861022949        1339.4311476086882        8.2000002861022949     
   7.3000001907348633        1480.3002099293765        8.3000001907348633     
   7.4000000953674316        1635.9845860155672        8.4000000953674316     
   7.5000000000000000        1808.0424144560632        8.5000000000000000     
   7.5999999046325684        1998.1957045413167        8.5999999046325684     
   7.7000002861022949        2208.3486237007273        8.7000002861022949     
   7.8000001907348633        2440.6024431324281        8.8000001907348633     
   7.9000000953674316        2697.2825855014094        8.9000000953674316     
   8.0000000000000000        2980.9579870417283        9.0000000000000000     
   8.1000003814697266        3294.4693320239171        9.1000003814697266     
   8.1999998092651367        3640.9496128762617        9.1999998092651367     
   8.3000001907348633        4023.8731613151340        9.3000001907348633     
   8.4000005722045898        4447.0692923325887        9.4000005722045898     
   8.5000000000000000        4914.7688402991344        9.5000000000000000     
   8.6000003814697266        5431.6616633770745        9.6000003814697266     
   8.6999998092651367        6002.9110722964897        9.6999998092651367     
   8.8000001907348633        6634.2452716596290        9.8000001907348633     
   8.9000005722045898        7331.9777345461052        9.9000005722045898     
   9.0000000000000000        8103.0839275753842        10.000000000000000     
   9.1000003814697266        8955.2961196562228        10.100000381469727     
   9.1999998092651367        9897.1271710165383        10.199999809265137     
   9.3000001907348633        10938.021294426981        10.300000190734863     
   9.4000005722045898        12088.387647245901        10.400000572204590     
   9.5000000000000000        13359.726829661873        10.500000000000000     
   9.6000003814697266        14764.787197895534        10.600000381469727     
   9.6999998092651367        16317.604085679151        10.699999809265137     
   9.8000001907348633        18033.748367492713        10.800000190734863     
   9.9000005722045898        19930.381842482995        10.900000572204590     
   10.000000000000000        22026.465794806718        11.000000000000000     
  
  
   0.0000000000000000        1.0000000000000000        1.0000000000000000     
  0.10000000149011612        1.1051709197224806        1.1051666683132451     
  0.20000000298023224        1.2214027618002337        1.2213333369692165     
  0.30000001192092896        1.3498588236675741        1.3495000160336494     
  0.40000000596046448        1.4918247065332384        1.4906666754881541     
  0.50000000000000000        1.6487212707001282        1.6458333333333333     
  0.60000002384185791        1.8221188438332070        1.8160000424385074     
  0.69999998807907104        2.0137526834646735        2.0021666434804599     
  0.80000001192092896        2.2255409550229830        2.2053333586057029     
  0.90000003576278687        2.4596031991192131        2.4265000824332250     
   1.0000000000000000        2.7182818284590451        2.6666666666666665     
   1.1000000238418579        3.0041660955713336        2.9268333978255594     
   1.2000000476837158        3.3201170810520630        3.2080001392364528     
   1.3000000715255737        3.6692969300678029        3.5111668916146019     
   1.3999999761581421        4.0551998701611742        3.8373332527478543     
   1.5000000000000000        4.4816890703380645        4.1875000000000000     
   1.6000000238418579        4.9530325424846113        4.5626667591730765     
   1.7000000476837158        5.4739476527453581        4.9638335309823383     
   1.8000000715255737        6.0496478971174676        5.3920003161430428     
   1.8999999761581421        6.6858942828751262        5.8481665544907262     
   2.0000000000000000        7.3890560989306504        6.3333333333333330     
   2.1000001430511475        8.1661710807477093        6.8485007588863693     
   2.2000000476837158        9.0250139297803109        7.3946669346491536     
   2.2999999523162842        9.9741819792086499        7.9728330498536462     
   2.4000000953674316        11.023177431893671        8.5840005989074868     
   2.5000000000000000        12.182493960703473        9.2291666666666661     
   2.6000001430511475        13.463739961005004        9.9093343318303795     
   2.7000000476837158        14.879732434393750        10.625500350236896     
   2.7999999523162842        16.444645986955205        11.378666298548385     
   2.9000000953674316        18.174147102664708        12.169834106286384     
   3.0000000000000000        20.085536923187668        13.000000000000000     
   3.1000001430511475        22.197954456884261        13.870167940537176     
   3.2000000476837158        24.532531366911574        14.781333777745569     
   3.2999999523162842        27.112637627826548        15.734499535322193     
   3.4000000953674316        29.964102904996412        16.730667637507139     
   3.5000000000000000        33.115451958692312        17.770833333333332     
   3.6000001430511475        36.598239679097794        18.856001585006762     
   3.7000000476837158        40.447306288745203        19.987167217175170     
   3.7999999523162842        44.701182361782294        21.165332760175076     
   3.9000000953674316        49.402453816915084        22.391501192569756     
   4.0000000000000000        54.598150033144236        23.666666666666664     
   4.0999999046325684        60.340281842863995        24.991832045396194     
   4.2000002861022949        66.686350120040217        26.368004011154390     
   4.3000001907348633        73.699807756717206        27.796169440905352     
   4.4000000953674316        81.450876432728634        29.277334771474230     
   4.5000000000000000        90.017131300521811        30.812500000000000     
   4.5999999046325684        99.484306154370586        32.402665123621645     
   4.7000002861022949        109.94720390826636        34.048838124116500     
   4.8000001907348633        121.51044069500996        35.752003303527943     
   4.9000000953674316        134.28979249180748        37.513168374220555     
   5.0000000000000000        148.41315910257660        39.333333333333329     
   5.0999999046325684        164.02189165755445        41.213498178005253     
   5.2000002861022949        181.27229373756302        43.154672308604177     
   5.3000001907348633        200.33684818600938        45.157837213834242     
   5.4000000953674316        221.40643731914935        47.224002000808738     
   5.5000000000000000        244.69193226422038        49.354166666666671     
   5.5999999046325684        270.42638163628192        51.549331208546988     
   5.7000002861022949        298.86748647372178        53.810506564617427     
   5.8000001907348633        330.29962290929609        56.138671171824264     
   5.9000000953674316        365.03750267801621        58.534835651238787     
   6.0000000000000000        403.42879349273511        61.000000000000000     
   6.0999999046325684        445.85772756220854        63.535164215246873     
   6.2000002861022949        492.74918206990787        66.141340892156251     
   6.3000001907348633        544.57201399478777        68.819505177498002     
   6.4000000953674316        601.84509526850024        71.570669325510693     
   6.5000000000000000        665.14163304436181        74.395833333333343     
   6.5999999046325684        735.09511913783604        77.295997198104885     
   6.7000002861022949        812.40605759874734        80.272175291220663     
   6.8000001907348633        897.84746290121450        83.325339230855434     
   6.9000000953674316        992.27481023572147        86.456503023624464     
   7.0000000000000000        1096.6331584284585        89.666666666666657     
   7.0999999046325684        1211.9669589103951        92.956830157121061     
   7.2000002861022949        1339.4311476086882        96.328009761810648     
   7.3000001907348633        1480.3002099293765        99.781173331896611     
   7.4000000953674316        1635.9845860155672        103.31733674558008     
   7.5000000000000000        1808.0424144560632        106.93750000000000     
   7.5999999046325684        1998.1957045413167        110.64266309229536     
   7.7000002861022949        2208.3486237007273        114.43384430392619     
   7.8000001907348633        2440.6024431324281        118.31200748062149     
   7.9000000953674316        2697.2825855014094        122.27817049137755     
   8.0000000000000000        2980.9579870417283        126.33333333333333     
   8.1000003814697266        3294.4693320239171        130.47851598548954     
   8.1999998092651367        3640.9496128762617        134.71465849940000     
   8.3000001907348633        4023.8731613151340        139.04284167703008     
   8.4000005722045898        4447.0692923325887        143.46402556610263     
   8.5000000000000000        4914.7688402991344        147.97916666666669     
   8.6000003814697266        5431.6616633770745        152.58935110219392     
   8.6999998092651367        6002.9110722964897        157.29549093151110     
   8.8000001907348633        6634.2452716596290        162.09867592112244     
   8.9000005722045898        7331.9777345461052        166.99986166032318     
   9.0000000000000000        8103.0839275753842        172.00000000000000     
   9.1000003814697266        8955.2961196562228        177.10018631426567     
   9.1999998092651367        9897.1271710165383        182.30132331593850     
   9.3000001907348633        10938.021294426981        187.60451021289845     
   9.4000005722045898        12088.387647245901        193.01069789759489     
   9.5000000000000000        13359.726829661873        198.52083333333334     
   9.6000003814697266        14764.787197895534        204.13602162170488     
   9.6999998092651367        16317.604085679151        209.85715565268217     
   9.8000001907348633        18033.748367492713        215.68534455235820     
   9.9000005722045898        19930.381842482995        221.62153427791773     
   10.000000000000000        22026.465794806718        227.66666666666666     
  
  
   0.0000000000000000        1.0000000000000000        1.0000000000000000     
  0.10000000149011612        1.1051709197224806        1.1051709183134997     
  0.20000000298023224        1.2214027618002337        1.2214026703067222     
  0.30000001192092896        1.3498588236675741        1.3498577660913169     
  0.40000000596046448        1.4918247065332384        1.4918186755580902     
  0.50000000000000000        1.6487212707001282        1.6486979166666667     
  0.60000002384185791        1.8221188438332070        1.8220480434255604     
  0.69999998807907104        2.0137526834646735        2.0135713926797210     
  0.80000001192092896        2.2255409550229830        2.2251306931597394     
  0.90000003576278687        2.4596031991192131        2.4587583377560689     
   1.0000000000000000        2.7182818284590451        2.7166666666666663     
   1.1000000238418579        3.0041660955713336        3.0012584879022648     
   1.2000000476837158        3.3201170810520630        3.3151361570892370     
   1.3000000715255737        3.6692969300678029        3.6611121763167271     
   1.3999999761581421        4.0551998701611742        4.0422185713612251     
   1.5000000000000000        4.4816890703380645        4.4617187500000002     
   1.6000000238418579        4.9530325424846113        4.9231147819595353     
   1.7000000476837158        5.4739476527453581        5.4301591699548224     
   1.8000000715255737        6.0496478971174676        5.9868644169511924     
   1.8999999761581421        6.6858942828751262        6.5975122642892821     
   2.0000000000000000        7.3890560989306504        7.2666666666666666     
   2.1000001430511475        8.1661710807477093        7.9991803456055628     
   2.2000000476837158        9.0250139297803109        8.8002030658143440     
   2.2999999523162842        9.9741819792086499        9.6751989808929455     
   2.4000000953674316        11.023177431893671        10.629952950470010     
   2.5000000000000000        12.182493960703473        11.670572916666666     
   2.6000001430511475        13.463739961005004        12.803516356587194     
   2.7000000476837158        14.879732434393750        14.035580362251174     
   2.7999999523162842        16.444645986955205        15.373930001968397     
   2.9000000953674316        18.174147102664708        16.826101358320688     
   3.0000000000000000        20.085536923187668        18.399999999999999     
   3.1000001430511475        22.197954456884261        20.103935951271477     
   3.2000000476837158        24.532531366911574        21.946603579828913     
   3.2999999523162842        27.112637627826548        23.937119264099259     
   3.4000000953674316        29.964102904996412        26.085020793239664     
   3.5000000000000000        33.115451958692312        28.400260416666669     
   3.6000001430511475        36.598239679097794        30.893251698501778     
   3.7000000476837158        40.447306288745203        33.574835242091403     
   3.7999999523162842        44.701182361782294        36.456329243145646     
   3.9000000953674316        49.402453816915084        39.549523804698808     
   4.0000000000000000        54.598150033144236        42.866666666666660     
   4.0999999046325684        60.340281842863995        46.420517410403292     
   4.2000002861022949        66.686350120040217        50.224347253377090     
   4.3000001907348633        73.699807756717206        54.291882435384146     
   4.4000000953674316        81.450876432728634        58.637422948130428     
   4.5000000000000000        90.017131300521811        63.275781250000001     
   4.5999999046325684        99.484306154370586        68.222309797326545     
   4.7000002861022949        109.94720390826636        73.492936975150485     
   4.8000001907348633        121.51044069500996        79.104075037903485     
   4.9000000953674316        134.28979249180748        85.072780784927303     
   5.0000000000000000        148.41315910257660        91.416666666666657     
   5.0999999046325684        164.02189165755445        98.153935131325198     
   5.2000002861022949        181.27229373756302        105.30342372944310     
   5.3000001907348633        200.33684818600938        112.88447680063155     
   5.4000000953674316        221.40643731914935        120.91715988244268     
   5.5000000000000000        244.69193226422038        129.42213541666666     
   5.5999999046325684        270.42638163628192        138.42070584266179     
   5.7000002861022949        298.86748647372178        147.93487022904355     
   5.8000001907348633        330.29962290929609        157.98715036781161     
   5.9000000953674316        365.03750267801621        168.60087281399029     
   6.0000000000000000        403.42879349273511        179.80000000000001     
   6.0999999046325684        445.85772756220854        191.60918435563843     
   6.2000002861022949        492.74918206990787        204.05383920462180     
   6.3000001907348633        544.57201399478777        217.15990839560777     
   6.4000000953674316        601.84509526850024        230.95423215884432     
   6.5000000000000000        665.14163304436181        245.46432291666667     
   6.5999999046325684        735.09511913783604        260.71843308859673     
   6.7000002861022949        812.40605759874734        276.74564340472926     
   6.8000001907348633        897.84746290121450        293.57556355210511     
   6.9000000953674316        992.27481023572147        311.23880050223943     
   7.0000000000000000        1096.6331584284585        329.76666666666665     
   7.0999999046325684        1211.9669589103951        349.19126445391788     
   7.2000002861022949        1339.4311476086882        369.54559559579866     
   7.3000001907348633        1480.3002099293765        390.86317851730985     
   7.4000000953674316        1635.9845860155672        413.17864043537065     
   7.5000000000000000        1808.0424144560632        436.52734375000000     
   7.5999999046325684        1998.1957045413167        460.94549085802248     
   7.7000002861022949        2208.3486237007273        486.47025856214412     
   7.8000001907348633        2440.6024431324281        513.13931598314878     
   7.9000000953674316        2697.2825855014094        540.99156455539355     
   8.0000000000000000        2980.9579870417283        570.06666666666661     
   8.1000003814697266        3294.4693320239171        600.40532244452754     
   8.1999998092651367        3640.9496128762617        632.04854104047638     
   8.3000001907348633        4023.8731613151340        665.03928865346984     
   8.4000005722045898        4447.0692923325887        699.42055279256510     
   8.5000000000000000        4914.7688402991344        735.23619791666670     
   8.6000003814697266        5431.6616633770745        772.53205981949463     
   8.6999998092651367        6002.9110722964897        811.35352921845572     
   8.8000001907348633        6634.2452716596290        851.74840924404202     
   8.9000005722045898        7331.9777345461052        893.76437006392462     
   9.0000000000000000        8103.0839275753842        937.45000000000005     
   9.1000003814697266        8955.2961196562228        982.85613497199665     
   9.1999998092651367        9897.1271710165383        1030.0329109616528     
   9.3000001907348633        10938.021294426981        1079.0332404825544     
   9.4000005722045898        12088.387647245901        1129.9097152533454     
   9.5000000000000000        13359.726829661873        1182.7158854166667     
   9.6000003814697266        14764.787197895534        1237.5078608717190     
   9.6999998092651367        16317.604085679151        1294.3407485328410     
   9.8000001907348633        18033.748367492713        1353.2728451086186     
   9.9000005722045898        19930.381842482995        1414.3619015868117     
   10.000000000000000        22026.465794806718        1477.6666666666665     
  
  
   0.0000000000000000        1.0000000000000000        1.0000000000000000     
  0.10000000149011612        1.1051709197224806        1.1051709197222299     
  0.20000000298023224        1.2214027618002337        1.2214027617353020     
  0.30000001192092896        1.3498588236675741        1.3498588219844276     
  0.40000000596046448        1.4918247065332384        1.4918246895268867     
  0.50000000000000000        1.6487212707001282        1.6487211681547618     
  0.60000002384185791        1.8221188438332070        1.8221183977282691     
  0.69999998807907104        2.0137526834646735        2.0137511341888543     
  0.80000001192092896        2.2255409550229830        2.2255363922442508     
  0.90000003576278687        2.4596031991192131        2.4595913506370173     
   1.0000000000000000        2.7182818284590451        2.7182539682539684     
   1.1000000238418579        3.0041660955713336        3.0041056398880501     
   1.2000000476837158        3.3201170810520630        3.3199943068471893     
   1.3000000715255737        3.6692969300678029        3.6690610906561321     
   1.3999999761581421        4.0551998701611742        4.0547677967100002     
   1.5000000000000000        4.4816890703380645        4.4809291294642861     
   1.6000000238418579        4.9530325424846113        4.9517425738047738     
   1.7000000476837158        5.4739476527453581        5.4718252189215866     
   1.8000000715255737        6.0496478971174676        6.0462508544498510     
   1.8999999761581421        6.6858942828751262        6.6805893095777265     
   2.0000000000000000        7.3890560989306504        7.3809523809523805     
   2.1000001430511475        8.1661710807477093        8.1540359075820490     
   2.2000000476837158        9.0250139297803109        9.0071664106272902     
   2.2999999523162842        9.9741819792086499        9.9483604073584253     
   2.4000000953674316        11.023177431893671        10.986375256206626     
   2.5000000000000000        12.182493960703473        12.130758618551587     
   2.6000001430511475        13.463739961005004        13.391927561505074     
   2.7000000476837158        14.879732434393750        14.781211147962171     
   2.7999999523162842        16.444645986955205        16.310938826110654     
   2.9000000953674316        18.174147102664708        17.994504552080148     
   3.0000000000000000        20.085536923187668        19.846428571428568     
   3.1000001430511475        22.197954456884261        21.882465670892721     
   3.2000000476837158        24.532531366911574        24.119652713797176     
   3.2999999523162842        27.112637627826548        26.576428562880071     
   3.4000000953674316        29.964102904996412        29.272713011008214     
   3.5000000000000000        33.115451958692312        32.229980468750000     
   3.6000001430511475        36.598239679097794        35.471406177516968     
   3.7000000476837158        40.447306288745203        39.021913579683911     
   3.7999999523162842        44.701182361782294        42.908335266029809     
   3.9000000953674316        49.402453816915084        47.159506534417922     
   4.0000000000000000        54.598150033144236        51.806349206349203     
   4.0999999046325684        60.340281842863995        56.882054962689459     
   4.2000002861022949        66.686350120040217        62.422200870445096     
   4.3000001907348633        73.699807756717206        68.464783758852292     
   4.4000000953674316        81.450876432728634        75.050516084662206     
   4.5000000000000000        90.017131300521811        82.222865513392861     
   4.5999999046325684        99.484306154370586        90.028228332865837     
   4.7000002861022949        109.94720390826636        98.516125168759942     
   4.8000001907348633        121.51044069500996        107.73919492218998     
   4.9000000953674316        134.28979249180748        117.75360186554468     
   5.0000000000000000        148.41315910257660        128.61904761904759     
   5.0999999046325684        164.02189165755445        140.39898608877752     
   5.2000002861022949        181.27229373756302        153.16086880527124     
   5.3000001907348633        200.33684818600938        166.97608493166214     
   5.4000000953674316        221.40643731914935        181.92052000433435     
   5.5000000000000000        244.69193226422038        198.07451791914684     
   5.5999999046325684        270.42638163628192        215.52314602080455     
   5.7000002861022949        298.86748647372178        234.35650138965195     
   5.8000001907348633        330.29962290929609        254.66956464762256     
   5.9000000953674316        365.03750267801621        276.56296423527084     
   6.0000000000000000        403.42879349273511        300.14285714285717     
   6.0999999046325684        445.85772756220854        325.52125497187080     
   6.2000002861022949        492.74918206990787        352.81640538494105     
   6.3000001907348633        544.57201399478777        382.15251600678630     
   6.4000000953674316        601.84509526850024        413.66079508455937     
   6.5000000000000000        665.14163304436181        447.47920851934532     
   6.5999999046325684        735.09511913783604        483.75288048518570     
   6.7000002861022949        812.40605759874734        522.63456783187803     
   6.8000001907348633        897.84746290121450        564.28419622793729     
   6.9000000953674316        992.27481023572147        608.87026905685559     
   7.0000000000000000        1096.6331584284585        656.56944444444434     
   7.0999999046325684        1211.9669589103951        707.56702745049699     
   7.2000002861022949        1339.4311476086882        762.05755957770714     
   7.3000001907348633        1480.3002099293765        820.24409202061713     
   7.4000000953674316        1635.9845860155672        882.34008032324175     
   7.5000000000000000        1808.0424144560632        948.56870814732144     
   7.5999999046325684        1998.1957045413167        1019.1634922488515     
   7.7000002861022949        2208.3486237007273        1094.3690145094522     
   7.8000001907348633        2440.6024431324281        1174.4398362967918     
   7.9000000953674316        2697.2825855014094        1259.6430274106910     
   8.0000000000000000        2980.9579870417283        1350.2571428571428     
   8.1000003814697266        3294.4693320239171        1446.5734402371127     
   8.1999998092651367        3640.9496128762617        1548.8939185717250     
   8.3000001907348633        4023.8731613151340        1657.5369998855012     
   8.4000005722045898        4447.0692923325887        1772.8316835582423     
   8.5000000000000000        4914.7688402991344        1895.1206209697420     
   8.6000003814697266        5431.6616633770745        2024.7643419897906     
   8.6999998092651367        6002.9110722964897        2162.1333660457744     
   8.8000001907348633        6634.2452716596290        2307.6185707504883     
   8.9000005722045898        7331.9777345461052        2461.6226754011468     
   9.0000000000000000        8103.0839275753842        2624.5642857142857     
   9.1000003814697266        8955.2961196562228        2796.8834115676818     
   9.1999998092651367        9897.1271710165383        2979.0308641799757     
   9.3000001907348633        10938.021294426981        3171.4819332108045     
   9.4000005722045898        12088.387647245901        3374.7249803937048     
   9.5000000000000000        13359.726829661873        3589.2667178199404     
   9.6000003814697266        14764.787197895534        3815.6393500603658     
   9.6999998092651367        16317.604085679151        4054.3865188218524     
   9.8000001907348633        18033.748367492713        4306.0811596644053     
   9.9000005722045898        19930.381842482995        4571.3104296400616     
   10.000000000000000        22026.465794806718        4850.6825396825388     
  
  
   0.0000000000000000        1.0000000000000000        1.0000000000000000     
  0.10000000149011612        1.1051709197224806        1.1051709197224806     
  0.20000000298023224        1.2214027618002337        1.2214027618002050     
  0.30000001192092896        1.3498588236675741        1.3498588236659013     
  0.40000000596046448        1.4918247065332384        1.4918247065032555     
  0.50000000000000000        1.6487212707001282        1.6487212704182510     
  0.60000002384185791        1.8221188438332070        1.8221188420712686     
  0.69999998807907104        2.0137526834646735        2.0137526751545183     
  0.80000001192092896        2.2255409550229830        2.2255409231287473     
  0.90000003576278687        2.4596031991192131        2.4596030945378913     
   1.0000000000000000        2.7182818284590451        2.7182815255731922     
   1.1000000238418579        3.0041660955713336        3.0041653021752692     
   1.2000000476837158        3.3201170810520630        3.3201151681433179     
   1.3000000715255737        3.6692969300678029        3.6692926280840106     
   1.3999999761581421        4.0551998701611742        4.0551907520686914     
   1.5000000000000000        4.4816890703380645        4.4816707066127233     
   1.6000000238418579        4.9530325424846113        4.9529971664763783     
   1.7000000476837158        5.4739476527453581        5.4738821143608565     
   1.8000000715255737        6.0496478971174676        6.0495306056856055     
   1.8999999761581421        6.6858942828751262        6.6856907430587205     
   2.0000000000000000        7.3890560989306504        7.3887125220458545     
   2.1000001430511475        8.1661710807477093        8.1656054064000880     
   2.2000000476837158        9.0250139297803109        9.0241034116411338     
   2.2999999523162842        9.9741819792086499        9.9727462644784772     
   2.4000000953674316        11.023177431893671        11.020955806003057     
   2.5000000000000000        12.182493960703473        12.179115120485767     
   2.6000001430511475        13.463739961005004        13.458682275051958     
   2.7000000476837158        14.879732434393750        14.872272271671415     
   2.7999999523162842        16.444645986955205        16.433791090081851     
   2.9000000953674316        18.174147102664708        18.158551452654887     
   3.0000000000000000        20.085536923187668        20.063392857142855     
   3.1000001430511475        22.197954456884261        22.166856805284588     
   3.2000000476837158        24.532531366911574        24.489307792897002     
   3.2999999523162842        27.112637627826548        27.053137776328352     
   3.4000000953674316        29.964102904996412        29.882938142180016     
   3.5000000000000000        33.115451958692312        33.005676081151144     
   3.6000001430511475        36.598239679097794        36.450958551229341     
   3.7000000476837158        40.447306288745203        40.251204084297470     
   3.7999999523162842        44.701182361782294        44.441947853627134     
   3.9000000953674316        49.402453816915084        49.062089577759465     
   4.0000000000000000        54.598150033144236        54.154144620811287     
   4.0999999046325684        60.340281842863995        59.764619454401760     
   4.2000002861022949        66.686350120040217        65.944331568593498     
   4.3000001907348633        73.699807756717206        72.748655040951988     
   4.4000000953674316        81.450876432728634        80.238077552879005     
   4.5000000000000000        90.017131300521811        88.478492518833704     
   4.5999999046325684        99.484306154370586        97.541661953404471     
   4.7000002861022949        109.94720390826636        107.50573035337976     
   4.8000001907348633        121.51044069500996        118.45552535967622     
   4.9000000953674316        134.28979249180748        130.48336955765765     
   5.0000000000000000        148.41315910257660        143.68945656966486     
   5.0999999046325684        164.02189165755445        158.18249351656129     
   5.2000002861022949        181.27229373756302        174.08041506236864     
   5.3000001907348633        200.33684818600938        191.51074765984683     
   5.4000000953674316        221.40643731914935        210.61177874765275     
   5.5000000000000000        244.69193226422038        231.53301933598058     
   5.5999999046325684        270.42638163628192        254.43607997630829     
   5.7000002861022949        298.86748647372178        279.49564653857874     
   5.8000001907348633        330.29962290929609        306.89989237254633     
   5.9000000953674316        365.03750267801621        336.85214570606320     
   6.0000000000000000        403.42879349273511        369.57142857142856     
   6.0999999046325684        445.85772756220854        405.29363278051926     
   6.2000002861022949        492.74918206990787        444.27283430164471     
   6.3000001907348633        544.57201399478777        486.78171588050441     
   6.4000000953674316        601.84509526850024        533.11392518062235     
   6.5000000000000000        665.14163304436181        583.58465935170557     
   6.5999999046325684        735.09511913783604        638.53222280787645     
   6.7000002861022949        812.40605759874734        698.31977593648003     
   6.8000001907348633        897.84746290121450        763.33569795187475     
   6.9000000953674316        992.27481023572147        833.99689785184637     
   7.0000000000000000        1096.6331584284585        910.74938271604924     
   7.0999999046325684        1211.9669589103951        994.07029779578386     
   7.2000002861022949        1339.4311476086882        1084.4702286160409     
   7.3000001907348633        1480.3002099293765        1182.4933865362591     
   7.4000000953674316        1635.9845860155672        1288.7222271896783     
   7.5000000000000000        1808.0424144560632        1403.7778952462331     
   7.5999999046325684        1998.1957045413167        1528.3228703027967     
   7.7000002861022949        2208.3486237007273        1663.0639703258103     
   7.8000001907348633        2440.6024431324281        1808.7521762355623     
   7.9000000953674316        2697.2825855014094        1966.1890345809325     
   8.0000000000000000        2980.9579870417283        2136.2268077601411     
   8.1000003814697266        3294.4693320239171        2319.7727864261383     
   8.1999998092651367        3640.9496128762617        2517.7876530418216     
   8.3000001907348633        4023.8731613151340        2731.2986623880206     
   8.4000005722045898        4447.0692923325887        2961.3907106582342     
   8.5000000000000000        4914.7688402991344        3209.2145881720112     
   8.6000003814697266        5431.6616633770745        3475.9982209502655     
   8.6999998092651367        6002.9110722964897        3763.0332516361896     
   8.8000001907348633        6634.2452716596290        4071.6991814544745     
   8.9000005722045898        7331.9777345461052        4403.4485714999300     
   9.0000000000000000        8103.0839275753842        4759.8183035714292     
   9.1000003814697266        8955.2961196562228        5142.4449701118810     
   9.1999998092651367        9897.1271710165383        5553.0448203140804     
   9.3000001907348633        10938.021294426981        5993.4475702717100     
   9.4000005722045898        12088.387647245901        6465.5743741287952     
   9.5000000000000000        13359.726829661873        6971.4531096981527     
   9.6000003814697266        14764.787197895534        7513.2393031320962     
   9.6999998092651367        16317.604085679151        8093.1867741417573     
   9.8000001907348633        18033.748367492713        8713.6945517384484     
   9.9000005722045898        19930.381842482995        9377.2747475052547     
   10.000000000000000        22026.465794806718        10086.573192239857     
  
  
   0.0000000000000000        1.0000000000000000        1.0000000000000000     
  0.10000000149011612        1.1051709197224806        1.1051709197224806     
  0.20000000298023224        1.2214027618002337        1.2214027618002337     
  0.30000001192092896        1.3498588236675741        1.3498588236675728     
  0.40000000596046448        1.4918247065332384        1.4918247065332022     
  0.50000000000000000        1.6487212707001282        1.6487212706995980     
  0.60000002384185791        1.8221188438332070        1.8221188438284435     
  0.69999998807907104        2.0137526834646735        2.0137526834341397     
  0.80000001192092896        2.2255409550229830        2.2255409548701577     
  0.90000003576278687        2.4596031991192131        2.4596031984859810     
   1.0000000000000000        2.7182818284590451        2.7182818261984929     
   1.1000000238418579        3.0041660955713336        3.0041660884179198     
   1.2000000476837158        3.3201170810520630        3.3201170605599106     
   1.3000000715255737        3.6692969300678029        3.6692968760708045     
   1.3999999761581421        4.0551998701611742        4.0551997376514635     
   1.5000000000000000        4.4816890703380645        4.4816887644978314     
   1.6000000238418579        4.9530325424846113        4.9530318732880483     
   1.7000000476837158        5.4739476527453581        5.4739462555991656     
   1.8000000715255737        6.0496478971174676        6.0496450988286341     
   1.8999999761581421        6.6858942828751262        6.6858888820494586     
   2.0000000000000000        7.3890560989306504        7.3890460157126814     
   2.1000001430511475        8.1661710807477093        8.1661528114827764     
   2.2000000476837158        9.0250139297803109        9.0249817161597878     
   2.2999999523162842        9.9741819792086499        9.9741265667144745     
   2.4000000953674316        11.023177431893671        11.023084247282382     
   2.5000000000000000        12.182493960703473        12.182340480051534     
   2.6000001430511475        13.463739961005004        13.463491963146664     
   2.7000000476837158        14.879732434393750        14.879338742474861     
   2.7999999523162842        16.444645986955205        16.444031176136278     
   2.9000000953674316        18.174147102664708        18.173201506031091     
   3.0000000000000000        20.085536923187668        20.084103084415581     
   3.1000001430511475        22.197954456884261        22.195808936458949     
   3.2000000476837158        24.532531366911574        24.529360555426102     
   3.2999999523162842        27.112637627826548        27.108005842534954     
   3.4000000953674316        29.964102904996412        29.957410665512413     
   3.5000000000000000        33.115451958692312        33.105881850716777     
   3.6000001430511475        36.598239679097794        36.584686542849944     
   3.7000000476837158        40.447306288745203        40.428287917704736     
   3.7999999523162842        44.701182361782294        44.674725840317564     
   3.9000000953674316        49.402453816915084        49.365951813974448     
   4.0000000000000000        54.598150033144236        54.548180214846880     
   4.0999999046325684        60.340281842863995        60.272380866034574     
   4.2000002861022949        66.686350120040217        66.594732385261324     
   4.3000001907348633        73.699807756717206        73.577017610557021     
   4.4000000953674316        81.450876432728634        81.287358687204346     
   4.5000000000000000        90.017131300521811        89.800704590438244     
   4.5999999046325684        99.484306154370586        99.199519094980431     
   4.7000002861022949        109.94720390826636        109.57455073438001     
   4.8000001907348633        121.51044069500996        121.02541172662249     
   4.9000000953674316        134.28979249180748        133.66172375605245     
   5.0000000000000000        148.41315910257660        147.60384850489012     
   5.0999999046325684        164.02189165755445        162.98393715402838     
   5.2000002861022949        181.27229373756302        179.94710288849521     
   5.3000001907348633        200.33684818600938        198.65226908993267     
   5.4000000953674316        221.40643731914935        219.27393089084774     
   5.5000000000000000        244.69193226422038        242.00322279659321     
   5.5999999046325684        270.42638163628192        267.04949145377304     
   5.7000002861022949        298.86748647372178        294.64205049275267     
   5.8000001907348633        330.29962290929609        325.03138873036664     
   5.9000000953674316        365.03750267801621        358.49184271521267     
   6.0000000000000000        403.42879349273511        395.32311688311688     
   6.0999999046325684        445.85772756220854        435.85259996812994     
   6.2000002861022949        492.74918206990787        480.43794772408302     
   6.3000001907348633        544.57201399478777        529.46875340887959     
   6.4000000953674316        601.84509526850024        583.37055216326564     
   6.5000000000000000        665.14163304436181        642.60692780283534     
   6.5999999046325684        735.09511913783604        707.68286856599093     
   6.7000002861022949        812.40605759874734        779.14850829855573     
   6.8000001907348633        897.84746290121450        857.60136342686155     
   6.9000000953674316        992.27481023572147        943.69226414110881     
   7.0000000000000000        1096.6331584284585        1038.1281926907966     
   7.0999999046325684        1211.9669589103951        1141.6770700037109     
   7.2000002861022949        1339.4311476086882        1255.1730949854750     
   7.3000001907348633        1480.3002099293765        1379.5196362659619     
   7.4000000953674316        1635.9845860155672        1515.6979252846841     
   7.5000000000000000        1808.0424144560632        1664.7707659486052     
   7.5999999046325684        1998.1957045413167        1827.8892647117655     
   7.7000002861022949        2208.3486237007273        2006.3003465903964     
   7.8000001907348633        2440.6024431324281        2201.3503442710530     
   7.9000000953674316        2697.2825855014094        2414.4976176016116     
   8.0000000000000000        2980.9579870417283        2647.3172422639091     
   8.1000003814697266        3294.4693320239171        2901.5116138517401     
   8.1999998092651367        3640.9496128762617        3178.9131845456632     
   8.3000001907348633        4023.8731613151340        3481.5082650832696     
   8.4000005722045898        4447.0692923325887        3811.4303554932480     
   8.5000000000000000        4914.7688402991344        4170.9777767653086     
   8.6000003814697266        5431.6616633770745        4562.6366675724948     
   8.6999998092651367        6002.9110722964897        4989.0684396429579     
   8.8000001907348633        6634.2452716596290        5453.1527481989688     
   8.9000005722045898        7331.9777345461052        5957.9735920304001     
   9.0000000000000000        8103.0839275753842        6506.8443181818184     
   9.1000003814697266        8955.2961196562228        7103.3404837539074     
   9.1999998092651367        9897.1271710165383        7751.2783644108868     
   9.3000001907348633        10938.021294426981        8454.7778730617774     
   9.4000005722045898        12088.387647245901        9218.2387470968770     
   9.5000000000000000        13359.726829661873        10046.375762412492     
   9.6000003814697266        14764.787197895534        10944.265336572416     
   9.6999998092651367        16317.604085679151        11917.310021626445     
   9.8000001907348633        18033.748367492713        12971.329894957515     
   9.9000005722045898        19930.381842482995        14112.523266925862     
   10.000000000000000        22026.465794806718        15347.515953182618     
  
  
   0.0000000000000000        1.0000000000000000        1.0000000000000000     
  0.10000000149011612        1.1051709197224806        1.1051709197224806     
  0.20000000298023224        1.2214027618002337        1.2214027618002337     
  0.30000001192092896        1.3498588236675741        1.3498588236675739     
  0.40000000596046448        1.4918247065332384        1.4918247065332384     
  0.50000000000000000        1.6487212707001282        1.6487212707001271     
  0.60000002384185791        1.8221188438332070        1.8221188438331977     
  0.69999998807907104        2.0137526834646735        2.0137526834645918     
  0.80000001192092896        2.2255409550229830        2.2255409550224501     
  0.90000003576278687        2.4596031991192131        2.4596031991164224     
   1.0000000000000000        2.7182818284590451        2.7182818284467594     
   1.1000000238418579        3.0041660955713336        3.0041660955243441     
   1.2000000476837158        3.3201170810520630        3.3201170808920555     
   1.3000000715255737        3.6692969300678029        3.6692969295735707     
   1.3999999761581421        4.0551998701611742        4.0551998687562394     
   1.5000000000000000        4.4816890703380645        4.4816890666201399     
   1.6000000238418579        4.9530325424846113        4.9530325332401395     
   1.7000000476837158        5.4739476527453581        5.4739476309839716     
   1.8000000715255737        6.0496478971174676        6.0496478483156260     
   1.8999999761581421        6.6858942828751262        6.6858941780631280     
   2.0000000000000000        7.3890560989306504        7.3890558823892150     
   2.1000001430511475        8.1661710807477093        8.1661706487585519     
   2.2000000476837158        9.0250139297803109        9.0250130949037661     
   2.2999999523162842        9.9741819792086499        9.9741804116718189     
   2.4000000953674316        11.023177431893671        11.023174565532511     
   2.5000000000000000        12.182493960703473        12.182488845060050     
   2.6000001430511475        13.463739961005004        13.463731032963238     
   2.7000000476837158        14.879732434393750        14.879717171639692     
   2.7999999523162842        16.444645986955205        16.444620390135295     
   2.9000000953674316        18.174147102664708        18.174104932804088     
   3.0000000000000000        20.085536923187668        20.085468593906089     
   3.1000001430511475        22.197954456884261        22.197845444503685     
   3.2000000476837158        24.532531366911574        24.532359956322495     
   3.2999999523162842        27.112637627826548        27.112371749631357     
   3.4000000953674316        29.964102904996412        29.963695743701557     
   3.5000000000000000        33.115451958692312        33.114835914011849     
   3.6000001430511475        36.598239679097794        36.597318132004204     
   3.7000000476837158        40.447306288745203        40.445942478263277     
   3.7999999523162842        44.701182361782294        44.699184466422750     
   3.9000000953674316        49.402453816915084        49.399555104164442     
   4.0000000000000000        54.598150033144236        54.593982642871531     
   4.0999999046325684        60.340281842863995        60.334342370047601     
   4.2000002861022949        66.686350120040217        66.677954735732243     
   4.3000001907348633        73.699807756717206        73.688034099916223     
   4.4000000953674316        81.450876432728634        81.434488663521392     
   4.5000000000000000        90.017131300521811        89.994484120163165     
   4.5999999046325684        99.484306154370586        99.453222456282873     
   4.7000002861022949        109.94720390826636        109.90481955033714     
   4.8000001907348633        121.51044069500996        121.45300882174229     
   4.9000000953674316        134.28979249180748        134.21243732696371     
   5.0000000000000000        148.41315910257660        148.30956820475046     
   5.0999999046325684        164.02189165755445        163.88393251715632     
   5.2000002861022949        181.27229373756302        181.08953785944891     
   5.3000001907348633        200.33684818600938        200.09598386345158     
   5.4000000953674316        221.40643731914935        221.09054515004914     
   5.5000000000000000        244.69193226422038        244.27959716009178     
   5.5999999046325684        270.42638163628192        269.89060676699296     
   5.7000002861022949        298.86748647372178        298.17436875336494     
   5.8000001907348633        330.29962290929609        329.40674711135995     
   5.9000000953674316        365.03750267801621        363.89199135401651     
   6.0000000000000000        403.42879349273511        401.96495504495499     
   6.0999999046325684        445.85772756220854        443.99422294850933     
   6.2000002861022949        492.74918206990787        490.38561917919282     
   6.3000001907348633        544.57201399478777        541.58487849001324     
   6.4000000953674316        601.84509526850024        598.08287279657327     
   6.5000000000000000        665.14163304436181        660.41900524612277     
   6.5999999046325684        735.09511913783604        729.18605914700709     
   6.7000002861022949        812.40605759874734        805.03563033363673     
   6.8000001907348633        897.84746290121450        888.68214825296650     
   6.9000000953674316        992.27481023572147        980.91102612326858     
   7.0000000000000000        1096.6331584284585        1082.5837602745760     
   7.0999999046325684        1211.9669589103951        1194.6453479252721     
   7.2000002861022949        1339.4311476086882        1318.1325881871751     
   7.3000001907348633        1480.3002099293765        1454.1800140631365     
   7.4000000953674316        1635.9845860155672        1604.0324663421220     
   7.5000000000000000        1808.0424144560632        1769.0526107263850     
   7.5999999046325684        1998.1957045413167        1950.7321317567839     
   7.7000002861022949        2208.3486237007273        2150.7042492986002     
   7.8000001907348633        2440.6024431324281        2370.7522853216901     
   7.9000000953674316        2697.2825855014094        2612.8288589399585     
   8.0000000000000000        2980.9579870417283        2879.0667510267513     
   8.1000003814697266        3294.4693320239171        3171.7970335700429     
   8.1999998092651367        3640.9496128762617        3493.5587737194187     
   8.3000001907348633        4023.8731613151340        3847.1338003412561     
   8.4000005722045898        4447.0692923325887        4235.5469410066307     
   8.5000000000000000        4914.7688402991344        4662.0950986197186     
   8.6000003814697266        5431.6616633770745        5130.3839819161258     
   8.6999998092651367        6002.9110722964897        5644.3234203965021     
   8.8000001907348633        6634.2452716596290        6208.1899661427651     
   8.9000005722045898        7331.9777345461052        6826.6223931692275     
   9.0000000000000000        8103.0839275753842        7504.6649457573685     
   9.1000003814697266        8955.2961196562228        8247.8222847227044     
   9.1999998092651367        9897.1271710165383        9062.0483083917516     
   9.3000001907348633        10938.021294426981        9953.8414077441867     
   9.4000005722045898        12088.387647245901        10930.232885845764     
   9.5000000000000000        13359.726829661873        11998.850687887181     
   9.6000003814697266        14764.787197895534        13168.000859065507     
   9.6999998092651367        16317.604085679151        14446.644393823231     
   9.8000001907348633        18033.748367492713        15844.541050675512     
   9.9000005722045898        19930.381842482995        17372.224623304734     
   10.000000000000000        22026.465794806718        19041.096035651590     
  
  
   0.0000000000000000        1.0000000000000000        1.0000000000000000     
  0.10000000149011612        1.1051709197224806        1.1051709197224806     
  0.20000000298023224        1.2214027618002337        1.2214027618002337     
  0.30000001192092896        1.3498588236675741        1.3498588236675739     
  0.40000000596046448        1.4918247065332384        1.4918247065332384     
  0.50000000000000000        1.6487212707001282        1.6487212707001278     
  0.60000002384185791        1.8221188438332070        1.8221188438332070     
  0.69999998807907104        2.0137526834646735        2.0137526834646731     
  0.80000001192092896        2.2255409550229830        2.2255409550229817     
  0.90000003576278687        2.4596031991192131        2.4596031991192042     
   1.0000000000000000        2.7182818284590451        2.7182818284589949     
   1.1000000238418579        3.0041660955713336        3.0041660955710987     
   1.2000000476837158        3.3201170810520630        3.3201170810511127     
   1.3000000715255737        3.6692969300678029        3.6692969300643603     
   1.3999999761581421        4.0551998701611742        4.0551998701498340     
   1.5000000000000000        4.4816890703380645        4.4816890703036512     
   1.6000000238418579        4.9530325424846113        4.9530325423873425     
   1.7000000476837158        5.4739476527453581        5.4739476524871140     
   1.8000000715255737        6.0496478971174676        6.0496478964688070     
   1.8999999761581421        6.6858942828751262        6.6858942813243898     
   2.0000000000000000        7.3890560989306504        7.3890560953841362     
   2.1000001430511475        8.1661710807477093        8.1661710729550148     
   2.2000000476837158        9.0250139297803109        9.0250139132677347     
   2.2999999523162842        9.9741819792086499        9.9741819453564631     
   2.4000000953674316        11.023177431893671        11.023177364560654     
   2.5000000000000000        12.182493960703473        12.182493830443400     
   2.6000001430511475        13.463739961005004        13.463739715372760     
   2.7000000476837158        14.879732434393750        14.879731982028570     
   2.7999999523162842        16.444645986955205        16.444645171928308     
   2.9000000953674316        18.174147102664708        18.174145663852855     
   3.0000000000000000        20.085536923187668        20.085534430970810     
   3.1000001430511475        22.197954456884261        22.197950215955370     
   3.2000000476837158        24.532531366911574        24.532524269186322     
   3.2999999523162842        27.112637627826548        27.112625932658716     
   3.4000000953674316        29.964102904996412        29.964083914823881     
   3.5000000000000000        33.115451958692312        33.115421545929379     
   3.6000001430511475        36.598239679097794        36.598191603201663     
   3.7000000476837158        40.447306288745203        40.447231220944140     
   3.7999999523162842        44.701182361782294        44.701066504966228     
   3.9000000953674316        49.402453816915084        49.402276970801317     
   4.0000000000000000        54.598150033144236        54.597882905650103     
   4.0999999046325684        60.340281842863995        60.339882342517974     
   4.2000002861022949        66.686350120040217        66.685758283691143     
   4.3000001907348633        73.699807756717206        73.698938865898214     
   4.4000000953674316        81.450876432728634        81.449611725204278     
   4.5000000000000000        90.017131300521811        90.015305532897898     
   4.5999999046325684        99.484306154370586        99.481691047448592     
   4.7000002861022949        109.94720390826636        109.94348624086940     
   4.8000001907348633        121.51044069500996        121.50519351658130     
   4.9000000953674316        134.28979249180748        134.28243743432455     
   5.0000000000000000        148.41315910257660        148.40291737139864     
   5.0999999046325684        164.02189165755445        164.00772058831876     
   5.2000002861022949        181.27229373756302        181.25280504634290     
   5.3000001907348633        200.33684818600938        200.31020327603744     
   5.4000000953674316        221.40643731914935        221.37021348915525     
   5.5000000000000000        244.69193226422038        244.64295279771457     
   5.5999999046325684        270.42638163628192        270.36050074768553     
   5.7000002861022949        298.86748647372178        298.77931811799891     
   5.8000001907348633        330.29962290929609        330.18220074911358     
   5.9000000953674316        365.03750267801621        364.88185400560440     
   6.0000000000000000        403.42879349273511        403.22340859140854     
   6.0999999046325684        445.85772756220854        445.58790043426376     
   6.2000002861022949        492.74918206990787        492.39619376757173     
   6.3000001907348633        544.57201399478777        544.11212655463885     
   6.4000000953674316        601.84509526850024        601.24831137183298     
   6.5000000000000000        665.14163304436181        664.37017639326461     
   6.5999999046325684        735.09511913783604        734.10157552925546     
   6.7000002861022949        812.40605759874734        811.13110633722101     
   6.8000001907348633        897.84746290121450        896.21712358238665     
   6.9000000953674316        992.27481023572147        990.19709413123451     
   7.0000000000000000        1096.6331584284585        1093.9940226210792     
   7.0999999046325684        1211.9669589103951        1208.6254216304756     
   7.2000002861022949        1339.4311476086882        1335.2134020716837     
   7.3000001907348633        1480.3002099293765        1474.9925718260495     
   7.4000000953674316        1635.9845860155672        1629.3250132229848     
   7.5000000000000000        1808.0424144560632        1799.7103830369256     
   7.5999999046325684        1998.1957045413167        1987.8001221527722     
   7.7000002861022949        2208.3486237007273        2195.4134216000966     
   7.8000001907348633        2440.6024431324281        2424.5495043316673     
   7.9000000953674316        2697.2825855014094        2677.4114142390554     
   8.0000000000000000        2980.9579870417283        2956.4216890990647     
   8.1000003814697266        3294.4693320239171        3264.2461844387608     
   8.1999998092651367        3640.9496128762617        3603.8096784810573     
   8.3000001907348633        4023.8731613151340        3978.3386072514691     
   8.4000005722045898        4447.0692923325887        4391.3681881383818     
   8.5000000000000000        4914.7688402991344        4846.7807736681252     
   8.6000003814697266        5431.6616633770745        5348.8535680570703     
   8.6999998092651367        6002.9110722964897        5902.2630873533408     
   8.8000001907348633        6634.2452716596290        6512.1628832792167     
   8.9000005722045898        7331.9777345461052        7184.1905074593851     
   9.0000000000000000        8103.0839275753842        7924.5271319060412     
   9.1000003814697266        8955.2961196562228        8739.9719405155101     
   9.1999998092651367        9897.1271710165383        9637.9458282542182     
   9.3000001907348633        10938.021294426981        10626.613658715925     
   9.4000005722045898        12088.387647245901        11714.891136882132     
   9.5000000000000000        13359.726829661873        12912.536639123206     
   9.6000003814697266        14764.787197895534        14230.266188030479     
   9.6999998092651367        16317.604085679151        15679.753483083419     
   9.8000001907348633        18033.748367492713        17273.820834878803     
   9.9000005722045898        19930.381842482995        19026.442926298372     
   10.000000000000000        22026.465794806718        20952.886968606545     
  
  
