   149600000.00000000        0.0000000000000000        0.0000000000000000     
   149577215.20487639        2610879.4598946073        1.7453288888888890E-002
   149508867.75997195        5220963.6209444804        3.4906577777777781E-002
   149394978.48457181        7829457.4265605137        5.2359866666666671E-002
   149235582.07043815        10435566.304591075        6.9813155555555562E-002
   149030727.07124260        13038496.409356272        8.7266444444444438E-002
   148780475.88777643        15637454.863460949       0.10471973333333334     
   148484904.74894261        18231649.999312695       0.12217302222222223     
   148144103.68853587        20820291.600271396       0.13962631111111112     
   147758176.51781741        23402591.141356751       0.15707960000000001     
   147327240.79389310        25977762.029440526       0.17453288888888888     
   146851427.78390437        28545019.842850368       0.19198617777777779     
   146330882.42504308        31103582.570312083       0.20943946666666668     
   145765763.28040218        33652670.849157825       0.22689275555555558     
   145156242.49067596        36191508.202727348       0.24434604444444447     
   144502505.72172427        38719321.276890256       0.26179933333333333     
   143804752.10801694        41235340.075617090       0.27925262222222225     
   143063194.19197562        43738798.195527397       0.29670591111111116     
   142278057.85923117        46228933.059343591       0.31415920000000003     
   141449582.26981676        48704986.148179308       0.33161248888888889     
   140578019.78531763        51166203.232591406       0.34906577777777775     
   139663635.89199904        53611834.602325611       0.36651906666666667     
   138706709.11993688        56041135.294685259       0.38397235555555559     
   137707530.95817459        58453365.321454212       0.40142564444444451     
   136666405.76593286        60847789.894304231       0.41887893333333337     
   135583650.67989892        63223679.648618586       0.43633222222222223     
   134459595.51762357        65580310.865663506       0.45378551111111115     
   133294582.67705581        67916965.693039715       0.47123880000000001     
   132088967.03224491        70232932.363347307       0.48869208888888893     
   130843115.82524256        72527505.410996735       0.50614537777777779     
   129557408.55423734        74799985.887100458       0.52359866666666666     
   128232236.85795598        77049681.572379500       0.54105195555555552     
   126868004.39636640        79275907.188019961       0.55850524444444449     
   125465126.72771916        81477984.604415491       0.57595853333333336     
   124024031.18196429        83655243.047732204       0.59341182222222233     
   122545156.73058261        85807019.304232582       0.61086511111111108     
   121028953.85287070        87932657.922296956       0.62831840000000005     
   119475884.39872079        90031511.412080094       0.64577168888888892     
   117886421.44793667        92102940.442742974       0.66322497777777778     
   116261049.16612914        94146314.037199035       0.68067826666666675     
   114600262.65723465        96161009.764315754       0.69813155555555551     
   112904567.81270166        98146413.928513214       0.71558484444444448     
   111174481.15739149        100101921.75670157       0.73303813333333334     
   109410529.69223976        102026937.58250083       0.75049142222222232     
   107613250.73372702        103920875.02768633       0.76794471111111118     
   105783191.75020687        105783157.18080531       0.78539800000000004     
   103920910.19514191        107613216.77290970       0.80285128888888901     
   102026973.33729810        109410496.35035142       0.82030457777777788     
   100101958.08794931        111174448.44458839       0.83775786666666674     
   98146450.825144529        112904535.73894843       0.85521115555555549     
   96161047.215091601        114600231.23230128       0.87266444444444446     
   94146352.030711547        116261018.39958799       0.89011773333333333     
   92102978.967418954        117886391.34915948       0.90757102222222230     
   90031550.456184566        119475854.97687596       0.92502431111111116     
   87932697.473936707        121028925.11692038       0.94247760000000003     
   85807059.351359814        122545128.68928006       0.95993088888888900     
   83655283.578148171        124024003.84385118       0.97738417777777786     
   81478025.605774254        125465100.10112293       0.99483746666666673     
   79275948.647832096        126867978.48939775        1.0122907555555556     
   77049723.478015989        128232211.67850639        1.0297440444444443     
   74800028.225796402        129557384.10997677        1.0471973333333333     
   72527548.169855356        130843092.12361695        1.0646506222222223     
   70232975.529343888        132088944.08047399        1.0821039111111110     
   67917009.253025457        133294560.48213091        1.0995572000000000     
   65580354.806369603        134459574.08630550        1.1170104888888890     
   63223723.956660300        135583630.01871583        1.1344637777777780     
   60847834.556184918        136666385.88117835        1.1519170666666667     
   58453410.323569410        137707511.85590577        1.1693703555555557     
   56041180.623326898        138706690.80597246        1.1868236444444447     
   53611880.243686184        139663618.37191764        1.2042769333333334     
   51166249.172768131        140578003.06445602        1.2217302222222222     
   48705032.373178311        141449566.35326833        1.2391835111111111     
   46228979.555084318        142278042.75184417        1.2566368000000001     
   43738844.947846808        143063179.89835197        1.2740900888888889     
   41235387.070273973        143804738.63251057        1.2915433777777778     
   38719368.499569595        144502493.06843996        1.3089966666666668     
   36191555.639044672        145156230.66346803        1.3264499555555556     
   33652718.484663546        145765752.28287330        1.3439032444444445     
   31103630.390495989        146330872.26054323        1.3613565333333335     
   28545067.833145991        146851418.45552972        1.3788098222222223     
   25977810.175229579        147327232.30448517        1.3962631111111110     
   23402639.427973520        147758168.86996216        1.4137164000000000     
   20820340.013007320        148144096.88456291        1.4311696888888890     
   18231698.523420829        148484898.79092452        1.4486229777777777     
   15637503.484160345        148780470.77752802        1.4660762666666667     
   13038545.111836608        149030722.81032056        1.4835295555555557     
   10435615.074017104        149235578.66014037        1.5009828444444446     
   7829506.2480766363        149394975.92593712        1.5184361333333334     
   5221012.4796791635        149508866.05377969        1.5358894222222224     
   2610928.3409650144        149577214.35164630        1.5533427111111113     
   48.888516522105498        149599999.99999201        1.5707960000000001     
  -2610830.5788239129        149577216.05809048        1.5882492888888891     
  -5220914.7622092552        149508869.46614823        1.6057025777777780     
  -7829408.6050435621        149394981.04319057        1.6231558666666668     
  -10435517.535163932        149235585.48072001        1.6406091555555558     
  -13038447.706874574        149030731.33214873        1.6580624444444447     
  -15637406.242759898        148780480.99800894        1.6755157333333335     
  -18231601.475202624        148484910.70694485        1.6929690222222222     
  -20820243.187533215        148144110.49249300        1.7104223111111110     
  -23402542.854737476        147758184.16565689        1.7278756000000000     
  -25977713.883648720        147327249.28328529        1.7453288888888889     
  -28544971.852551665        146851437.11226335        1.7627821777777777     
  -31103534.750124823        146330892.58952731        1.7802354666666667     
  -33652623.213648491        145765774.27791548        1.7976887555555556     
  -36191460.766406178        145156254.31786838        1.8151420444444446     
  -38719274.054206781        144502518.37499315        1.8325953333333334     
  -41235293.080955796        143804765.58350798        1.8500486222222223     
  -43738751.443203330        143063208.48558402        1.8675019111111113     
  -46228886.563597918        142278072.96660295        1.8849552000000001     
  -48704939.923175104        141449598.18635011        1.9024084888888890     
  -51166157.292409264        140578036.50616419        1.9198617777777780     
  -53611788.960959300        139663653.41206554        1.9373150666666668     
  -56041089.966037616        138706727.43388647        1.9547683555555557     
  -58453320.319332778        137707550.06042871        1.9722216444444447     
  -60847745.232417047        136666425.65067276        1.9896749333333335     
  -63223635.340570167        135583671.34106749        2.0071282222222226     
  -65580266.924950384        134459616.94892728        2.0245815111111112     
  -67916922.133046746        133294604.87196647        2.0420348000000001     
  -70232889.197343200        132088989.98400176        2.0594880888888887     
  -72527462.652130336        130843139.52685422        2.0769413777777777     
  -74799943.548396528        129557432.99848408        2.0943946666666666     
  -77049639.666734815        128232262.03739186        2.1118479555555556     
  -79275865.728199348        126868030.30332151        2.1293012444444446     
  -81477943.603048056        125465153.35430202        2.1467545333333335     
  -83655202.517307267        124024058.52006419        2.1642078222222221     
  -85806979.257096171        122545184.77187206        2.1816611111111111     
  -87932618.370647788        121028982.58880810        2.1991144000000000     
  -90031472.367965996        119475913.82055287        2.2165676888888890     
  -92102901.918057173        117886451.54670124        2.2340209777777780     
  -94146276.043676496        116261079.93265790        2.2514742666666669     
  -96160972.313529670        114600294.08215573        2.2689275555555559     
  -98146377.031871408        112904599.88644284        2.2863808444444444     
  -100101885.42544317        111174513.87018271        2.3038341333333334     
  -102026901.82769266        109410563.03411643        2.3212874222222224     
  -103920839.86021964        107613284.69453289        2.3387407111111114     
  -105783122.61139248        105783226.31959710        2.3561940000000003     
  -107613182.81208088        103920945.36258636        2.3736472888888893     
  -109410463.00845137        102027009.09208450        2.3911005777777778     
  -111174415.73177341        100101994.41918634        2.4085538666666668     
  -112904503.66518314        98146487.721765399        2.4260071555555554     
  -114600199.80735567        96161084.665857196        2.4434604444444443     
  -116260987.63303439        94146390.024214000        2.4609137333333333     
  -117886361.25036968        92103017.492085114        2.4783670222222223     
  -119475825.55501835        90031589.500279412        2.4958203111111112     
  -121028896.38095717        87932737.025567070        2.5132736000000002     
  -122545100.64796442        85807099.398477927        2.5307268888888887     
  -124023976.50572480        83655324.108555228        2.5481801777777777     
  -125465073.47451326        81478066.607124329        2.5656334666666667     
  -126867952.58241554        79275990.107635766        2.5830867555555557     
  -128232186.49904315        77049765.383644193        2.6005400444444446     
  -129557359.66570239        74800070.564484328        2.6179933333333336     
  -130843068.42197739        72527590.928706199        2.6354466222222226     
  -132088921.12868896        70233018.695332944        2.6528999111111111     
  -133294538.28719178        67917052.813003927        2.6703532000000001     
  -134459552.65497306        65580398.747068696        2.6878064888888891     
  -135583609.35751826        63223768.264695264        2.7052597777777780     
  -136666365.99640927        60847879.218059063        2.7227130666666670     
  -137707492.75362226        58453455.325678341        2.7401663555555560     
  -138706672.49199322        56041225.951962605        2.7576196444444445     
  -139663600.85182133        53611925.885041036        2.7750729333333335     
  -140577986.34357938        51166295.112939402        2.7925262222222220     
  -141449550.43670473        48705078.598172151        2.8099795111111110     
  -142278027.64444196        46229026.050820142        2.8274328000000000     
  -143063165.60471302        43738891.700161487        2.8448860888888894     
  -143804725.15698886        41235434.064926460        2.8623393777777779     
  -144502480.41514021        38719415.722244792        2.8797926666666669     
  -145156218.83624458        36191603.075358145        2.8972459555555554     
  -145765741.28532889        33652766.120165654        2.9146992444444448     
  -146330862.09602770        31103678.210676622        2.9321525333333334     
  -146851409.12713939        28545115.823438503        2.9496058222222228     
  -147327223.81506151        25977858.321015798        2.9670591111111113     
  -147758161.22209117        23402687.714587811        2.9845123999999998     
  -148144090.08057415        20820388.425740991        3.0019656888888893     
  -148484892.83289054        18231747.047526993        3.0194189777777778     
  -148780465.66726375        15637552.104858065        3.0368722666666668     
  -149030718.54938260        13038593.814315619        3.0543255555555553     
  -149235575.24982667        10435663.843442034        3.0717788444444447     
  -149394973.36728644        7829555.0695919525        3.0892321333333332     
  -149508864.34757146        5221061.3384132655        3.1066854222222227     
  -149577213.49840027        2610977.2220351971        3.1241387111111112     
  -149599999.99996805        97.777033044205780        3.1415920000000002     
  -149577216.91128859       -2610781.6977528608        3.1590452888888887     
  -149508871.17230853       -5220865.9034734471        3.1764985777777781     
  -149394983.60179338       -7829359.7835257379        3.1939518666666666     
  -149235588.89098591       -10435468.765735691        3.2114051555555561     
  -149030735.59303895       -13038399.004391417        3.2288584444444446     
  -148780486.10822552       -15637357.622057168        3.2463117333333336     
  -148484916.66493124       -18231552.951090652        3.2637650222222225     
  -148144117.29643431       -20820194.774792906        3.2812183111111115     
  -147758191.81348056       -23402494.568115719        3.2986716000000000     
  -147327257.77266172       -25977665.737854216        3.3161248888888895     
  -146851446.44060662       -28544923.862249974        3.3335781777777780     
  -146330902.75399593       -31103486.929934293        3.3510314666666670     
  -145765785.27541322       -33652575.578135602        3.3684847555555559     
  -145156266.14504531       -36191413.330081098        3.3859380444444445     
  -144502531.02824658       -38719226.831519164        3.4033913333333334     
  -143804779.05898365       -41235246.086290047        3.4208446222222220     
  -143063222.77917713       -43738704.690874577        3.4382979111111114     
  -142278088.07395959       -46228840.067847289        3.4557511999999999     
  -141449614.10286838       -48704893.698165730        3.4732044888888893     
  -140578053.22699580       -51166111.352221616        3.4906577777777779     
  -139663670.93211710       -53611743.319587268        3.5081110666666668     
  -138706745.74782130       -56041044.637383930        3.5255643555555554     
  -137707569.16266811       -58453275.317205071        3.5430176444444448     
  -136666445.53539810       -60847700.570523337        3.5604709333333333     
  -135583692.00222164       -63223591.032514937        3.5779242222222227     
  -134459638.38021666       -65580222.984230280        3.5953775111111113     
  -133294627.06686288       -67916878.573046505        3.6128308000000002     
  -132089012.93574442       -70232846.031331688        3.6302840888888892     
  -130843163.22845185       -72527419.893256262        3.6477373777777782     
  -129557457.44271697       -74799901.209684625        3.6651906666666667     
  -128232287.21681398       -77049597.761081949        3.6826439555555561     
  -126868056.21026307       -79275824.268370271        3.7000972444444447     
  -125465179.98087145       -81477902.601671889        3.7175505333333336     
  -124024085.85815080       -83655161.986873478        3.7350038222222226     
  -122545212.81314842       -85806939.209950611        3.7524571111111111     
  -121029011.32473256       -87932578.818989262        3.7699104000000001     
  -119475943.24237221       -90031433.323842242        3.7873636888888886     
  -117886481.64545326       -92102863.393361509        3.8048169777777781     
  -116261110.69917426       -94146238.050143823        3.8222702666666666     
  -114600325.50706461       -96160934.862733290        3.8397235555555560     
  -112904631.96017192       -98146340.135219127        3.8571768444444445     
  -111174546.58296207       -100101849.09417406        3.8746301333333335     
  -109410596.37598146       -102026866.07287353        3.8920834222222220     
  -107613318.65532725       -103920804.69274186        3.9095367111111115     
  -105783260.88897611       -105783088.04196830        3.9269900000000000     
  -103920980.53001976       -107613148.85124053        3.9444432888888894     
  -102027044.84686001       -109410429.66653965        3.9618965777777779     
  -100102030.75041269       -111174383.01894656        3.9793498666666669     
  -98146524.618375704       -112904471.59140585        3.9968031555555559     
  -96161122.116612405       -114600168.38239793        4.0142564444444453     
  -94146428.017706349       -116260956.86646844        4.0317097333333338     
  -92103056.016741425       -117886331.15156732        4.0491630222222224     
  -90031628.544364706       -119475796.13314795        4.0666163111111109     
  -87932776.577188045       -121028867.64498101        4.0840696000000003     
  -85807139.445586830       -122545072.60663570        4.1015228888888888     
  -83655364.638953388       -124023949.16758515        4.1189761777777774     
  -81478107.608465686       -125465046.84789023        4.1364294666666668     
  -79276031.567431018       -126867926.67541975        4.1538827555555553     
  -77049807.289264202       -128232161.31956621        4.1713360444444447     
  -74800112.903164342       -129557335.22141410        4.1887893333333333     
  -72527633.687549338       -130843044.72032382        4.2062426222222227     
  -70233061.861314505       -132088898.17688982        4.2236959111111112     
  -67917096.372975096       -133294516.09223844        4.2411492000000006     
  -65580442.687760793       -134459531.22362623        4.2586024888888891     
  -63223812.572723426       -135583588.69630623        4.2760557777777786     
  -60847923.879926756       -136666346.11162558        4.2935090666666671     
  -58453500.327781133       -137707473.65132400        4.3109623555555556     
  -56041271.280592367       -138706654.17799917        4.3284156444444442     
  -53611971.526390165       -139663583.33171010        4.3458689333333336     
  -51166341.053105168       -140577969.62268776        4.3633222222222221     
  -48705124.823160686       -141449534.52012607        4.3807755111111115     
  -46229072.546550997       -142278012.53702459        4.3982288000000000     
  -43738938.452471554       -143063151.31105879        4.4156820888888895     
  -41235481.059574530       -143804711.68145177        4.4331353777777780     
  -38719462.944915794       -144502467.76182505        4.4505886666666674     
  -36191650.511667669       -145156207.00900567        4.4680419555555559     
  -33652813.755664267       -145765730.28776884        4.4854952444444445     
  -31103726.030853834       -146330851.93149662        4.5029485333333339     
  -28545163.813728098       -146851399.79873338        4.5204018222222224     
  -25977906.466799207       -147327215.32562214        4.5378551111111118     
  -23402736.001199506       -147758153.57420436        4.5553084000000004     
  -20820436.838472538       -148144083.27656958        4.5727616888888889     
  -18231795.571631275       -148484886.87484071        4.5902149777777774     
  -15637600.725554116       -148780460.55698359        4.6076682666666668     
  -13038642.516793175       -149030714.28842872        4.6251215555555554     
  -10435712.612865850       -149235571.83949703        4.6425748444444448     
  -7829603.8911063997       -149394970.80861983        4.6600281333333333     
  -5221110.1971468423       -149508862.64134729        4.6774814222222227     
  -2611026.1031050673       -149577212.64513823        4.6949347111111113     
  -146.66554949985988       -149599999.99992809        4.7123880000000007     
   2610732.8166816630       -149577217.76447076        4.7298412888888892     
   5220817.0447371490       -149508872.87845287        4.7472945777777786     
   7829310.9620071771       -149394986.16038021        4.7647478666666672     
   10435419.996306237       -149235592.30123588        4.7822011555555557     
   13038350.301906835       -149030739.85391325        4.7996544444444442     
   15637309.001352768       -148780491.21842626        4.8171077333333336     
   18231504.426976636       -148484922.62290180        4.8345610222222222     
   20820146.362050176       -148144124.10035980        4.8520143111111107     
   23402446.281491462       -147758199.46128848        4.8694676000000001     
   25977617.592056736       -147327266.26202247        4.8869208888888886     
   28544875.871945202       -146851455.76893422        4.9043741777777781     
   31103439.109740339       -146330912.91844890        4.9218274666666666     
   33652527.942619085       -145765796.27289537        4.9392807555555560     
   36191365.893752187       -145156277.97220674        4.9567340444444445     
   38719179.608827494       -144502543.68148458        4.9741873333333340     
   41235199.091620013       -143804792.53444391        4.9916406222222225     
   43738657.938541211       -143063237.07275495        5.0090939111111119     
   46228793.572091810       -142278103.18130097        5.0265472000000004     
   48704847.473151065       -141449630.01937154        5.0440004888888890     
   51166065.412028454       -140578069.94781238        5.0614537777777775     
   53611697.678209513       -139663688.45215374        5.0789070666666669     
   56040999.308724307       -138706764.06174129        5.0963603555555554     
   58453230.315071143       -137707588.26489282        5.1138136444444449     
   60847655.908623159       -136666465.42010882        5.1312669333333334     
   63223546.724452965       -135583712.66336128        5.1487202222222228     
   65580179.043503158       -134459659.81149167        5.1661735111111113     
   67916835.013039082       -133294649.26174505        5.1836268000000008     
   70232802.865312621       -132089035.88747303        5.2010800888888893     
   72527377.134374350       -130843186.93003558        5.2185333777777778     
   74799858.870964780       -129557481.88693601        5.2359866666666672     
   77049555.855420738       -128232312.39622250        5.2534399555555558     
   79275782.808532804       -126868082.11719106        5.2708932444444452     
   81477861.600287035       -125465206.60742751        5.2883465333333337     
   83655121.456430644       -124024113.19622421        5.3057998222222222     
   85806899.162795827       -122545240.85441177        5.3232531111111108     
   87932539.267321318       -121029040.06064409        5.3407064000000002     
   90031394.279708922       -119475972.66417879        5.3581596888888887     
   92102824.868656009       -117886511.74419267        5.3756129777777781     
   94146200.056601152       -116261141.46567817        5.3930662666666667     
   96160897.411926627       -114600356.93196127        5.4105195555555561     
   98146303.238556355       -112904664.03388897        5.4279728444444446     
   100101812.76289433       -111174579.29572950        5.4454261333333340     
   102026830.31804360       -109410629.71783471        5.4628794222222226     
   103920769.52525301       -107613352.61611006        5.4803327111111120     
   105783053.47253290       -105783295.45834373        5.4977860000000005     
   107613114.89038867       -103921015.69744211        5.5152392888888890     
   109410396.32461628       -102027080.60162453        5.5326925777777785     
   111174350.30610783       -100102067.08162832        5.5501458666666670     
   112904439.51761642       -98146561.514975622        5.5675991555555555     
   114600136.95742774       -96161159.567357585        5.5850524444444440     
   116260926.09988999       -94146466.011188745        5.6025057333333335     
   117886301.05275233       -92103094.541387945        5.6199590222222220     
   119475766.71126488       -90031667.588440284        5.6374123111111114     
   121028838.90899189       -87932816.128799677        5.6548655999999999     
   122545044.56529394       -85807179.492686525        5.6723188888888894     
   124023921.82943241       -83655405.169342399        5.6897721777777788     
   125465020.22125381       -81478148.609798267        5.7072254666666673     
   126867900.76841046       -79276073.027217701        5.7246787555555558     
   128232136.14007550       -77049849.194876045        5.7421320444444444     
   129557310.77711207       -74800155.241836250        5.7595853333333338     
   130843021.01865625       -72527676.446384788        5.7770386222222223     
   132088875.22507657       -70233105.027288631        5.7944919111111108     
   133294493.89727081       -67917139.932939112        5.8119452000000003     
   134459509.79226512       -65580486.628445826        5.8293984888888897     
   135583568.03507969       -63223856.880744942        5.8468517777777782     
   136666326.22682726       -60847968.541788004        5.8643050666666667     
   137707454.54901102       -58453545.329877675        5.8817583555555553     
   138706635.86399037       -56041316.609215893        5.8992116444444456     
   139663565.81158397       -53612017.167733505        5.9166649333333341     
   140577952.90178117       -51166386.993265413        5.9341182222222226     
   141449518.60353225       -48705171.048144147        5.9515715111111112     
   142277997.42959198       -46229119.042276978        5.9690247999999997     
   143063137.01738927       -43738985.204777017        5.9864780888888891     
   143804698.20589933       -41235528.054218143        6.0039313777777785     
   144502455.10849446       -38719510.167582802        6.0213846666666671     
   145156195.18175122       -36191697.947973453        6.0388379555555556     
   145765719.29019329       -33652861.391159154        6.0562912444444450     
   146330841.76694986       -31103773.851027854        6.0737445333333335     
   146851390.47031167       -28545211.804014642        6.0911978222222221     
   147327206.83616698       -25977954.612580106        6.1086511111111106     
   147758145.92630178       -23402784.287808701        6.1261044000000009     
   148144076.47254914       -20820485.251201726        6.1435576888888894     
   148484880.91677505       -18231844.095733479        6.1610109777777780     
   148780455.44668752       -15637649.346248562        6.1784642666666665     
   149030710.02745897       -13038691.219269134        6.1959175555555568     
   149235568.42915142       -10435761.382288488        6.2133708444444453     
   149394968.24993727       -7829652.7126199435        6.2308241333333338     
   149508860.93510714       -5221159.0558799282        6.2482774222222224     
   149577211.79186025       -2611074.9841745920        6.2657307111111118     
   149599999.99987221       -195.55406608836978        6.2831840000000003     
